State:[[[0,7],[1,3]],[[0,2],[2,5],[1,3]],[[0,1],[2,4],[1,1],[2,1],[1,3]],[],[]] Action:(1, 3, 7) New State:[[[0,7],[1,3]],[[1,3]],[[0,1],[2,4],[1,1],[2,1],[1,3]],[[2,5],[0,2]],[]]
State:[[[0,7],[1,3]],[[0,2],[2,5],[1,3]],[[0,1],[2,4],[1,1],[2,1],[1,3]],[],[]] Action:(2, 3, 8) New State:[[[0,7],[1,3]],[[0,2],[2,5],[1,3]],[[1,2]],[[1,1],[2,1],[1,1],[2,4],[0,1]],[]]
State:[[[0,7],[1,3]],[[0,2],[2,5],[1,3]],[[0,1],[2,4],[1,1],[2,1],[1,3]],[],[]] Action:(2, 3, 1) New State:[[[0,7],[1,3]],[[0,2],[2,5],[1,3]],[[2,4],[1,1],[2,1],[1,3]],[[0,1]],[]]
State:[[[0,7],[1,3]],[[0,2],[2,5],[1,3]],[[0,1],[2,4],[1,1],[2,1],[1,3]],[],[]] Action:(0, 4, 2) New State:[[[0,5],[1,3]],[[0,2],[2,5],[1,3]],[[0,1],[2,4],[1,1],[2,1],[1,3]],[],[[0,2]]]
State:[[[0,7],[1,3]],[[0,2],[2,5],[1,3]],[[0,1],[2,4],[1,1],[2,1],[1,3]],[],[]] Action:(2, 4, 3) New State:[[[0,7],[1,3]],[[0,2],[2,5],[1,3]],[[2,2],[1,1],[2,1],[1,3]],[],[[2,2],[0,1]]]
State:[[[0,7],[1,3]],[[0,2],[2,5],[1,3]],[[0,1],[2,4],[1,1],[2,1],[1,3]],[],[]] Action:(2, 1, 1) New State:[[[0,7],[1,3]],[[0,3],[2,5],[1,3]],[[2,4],[1,1],[2,1],[1,3]],[],[]]
State:[[[0,7],[1,3]],[[0,2],[2,5],[1,3]],[[0,1],[2,4],[1,1],[2,1],[1,3]],[],[]] Action:(0, 3, 5) New State:[[[0,2],[1,3]],[[0,2],[2,5],[1,3]],[[0,1],[2,4],[1,1],[2,1],[1,3]],[[0,5]],[]]
State:[[[0,7],[1,3]],[[0,2],[2,5],[1,3]],[[0,1],[2,4],[1,1],[2,1],[1,3]],[],[]] Action:(0, 3, 1) New State:[[[0,6],[1,3]],[[0,2],[2,5],[1,3]],[[0,1],[2,4],[1,1],[2,1],[1,3]],[[0,1]],[]]
State:[[[0,7],[1,3]],[[0,2],[2,5],[1,3]],[[0,1],[2,4],[1,1],[2,1],[1,3]],[],[]] Action:(0, 3, 2) New State:[[[0,5],[1,3]],[[0,2],[2,5],[1,3]],[[0,1],[2,4],[1,1],[2,1],[1,3]],[[0,2]],[]]
State:[[[0,7],[1,3]],[[0,2],[2,5],[1,3]],[[0,1],[2,4],[1,1],[2,1],[1,3]],[],[]] Action:(1, 4, 2) New State:[[[0,7],[1,3]],[[2,5],[1,3]],[[0,1],[2,4],[1,1],[2,1],[1,3]],[],[[0,2]]]
State:[[[0,7],[1,3]],[[0,2],[2,5],[1,3]],[[0,1],[2,4],[1,1],[2,1],[1,3]],[],[]] Action:(0, 4, 10) New State:[[],[[0,2],[2,5],[1,3]],[[0,1],[2,4],[1,1],[2,1],[1,3]],[],[[1,3],[0,7]]]
State:[[[0,7],[1,3]],[[0,2],[2,5],[1,3]],[[0,1],[2,4],[1,1],[2,1],[1,3]],[],[]] Action:(1, 3, 8) New State:[[[0,7],[1,3]],[[1,2]],[[0,1],[2,4],[1,1],[2,1],[1,3]],[[1,1],[2,5],[0,2]],[]]
State:[[[0,7],[1,3]],[[0,2],[2,5],[1,3]],[[0,1],[2,4],[1,1],[2,1],[1,3]],[],[]] Action:(2, 4, 9) New State:[[[0,7],[1,3]],[[0,2],[2,5],[1,3]],[[1,1]],[],[[1,2],[2,1],[1,1],[2,4],[0,1]]]
State:[[[0,7],[1,3]],[[0,2],[2,5],[1,3]],[[0,1],[2,4],[1,1],[2,1],[1,3]],[],[]] Action:(2, 4, 6) New State:[[[0,7],[1,3]],[[0,2],[2,5],[1,3]],[[2,1],[1,3]],[],[[1,1],[2,4],[0,1]]]
State:[[[0,7],[1,3]],[[0,2],[2,5],[1,3]],[[0,1],[2,4],[1,1],[2,1],[1,3]],[],[]] Action:(2, 3, 8) New State:[[[0,7],[1,3]],[[0,2],[2,5],[1,3]],[[1,2]],[[1,1],[2,1],[1,1],[2,4],[0,1]],[]]
State:[[[0,7],[1,3]],[[0,2],[2,5],[1,3]],[[0,1],[2,4],[1,1],[2,1],[1,3]],[],[]] Action:(1, 4, 4) New State:[[[0,7],[1,3]],[[2,3],[1,3]],[[0,1],[2,4],[1,1],[2,1],[1,3]],[],[[2,2],[0,2]]]
State:[[[0,7],[1,3]],[[0,2],[2,5],[1,3]],[[0,1],[2,4],[1,1],[2,1],[1,3]],[],[]] Action:(2, 3, 7) New State:[[[0,7],[1,3]],[[0,2],[2,5],[1,3]],[[1,3]],[[2,1],[1,1],[2,4],[0,1]],[]]
State:[[[0,7],[1,3]],[[0,2],[2,5],[1,3]],[[0,1],[2,4],[1,1],[2,1],[1,3]],[],[]] Action:(2, 3, 10) New State:[[[0,7],[1,3]],[[0,2],[2,5],[1,3]],[],[[1,3],[2,1],[1,1],[2,4],[0,1]],[]]
State:[[[0,7],[1,3]],[[0,2],[2,5],[1,3]],[[0,1],[2,4],[1,1],[2,1],[1,3]],[],[]] Action:(0, 3, 10) New State:[[],[[0,2],[2,5],[1,3]],[[0,1],[2,4],[1,1],[2,1],[1,3]],[[1,3],[0,7]],[]]
State:[[[0,7],[1,3]],[[0,2],[2,5],[1,3]],[[0,1],[2,4],[1,1],[2,1],[1,3]],[],[]] Action:(2, 4, 7) New State:[[[0,7],[1,3]],[[0,2],[2,5],[1,3]],[[1,3]],[],[[2,1],[1,1],[2,4],[0,1]]]
State:[[[0,7],[1,3]],[[0,2],[2,5],[1,3]],[[0,1],[2,4],[1,1],[2,1],[1,3]],[],[]] Action:(1, 3, 7) New State:[[[0,7],[1,3]],[[1,3]],[[0,1],[2,4],[1,1],[2,1],[1,3]],[[2,5],[0,2]],[]]
State:[[[0,7],[1,3]],[[0,2],[2,5],[1,3]],[[0,1],[2,4],[1,1],[2,1],[1,3]],[],[]] Action:(0, 1, 3) New State:[[[0,4],[1,3]],[[0,5],[2,5],[1,3]],[[0,1],[2,4],[1,1],[2,1],[1,3]],[],[]]
State:[[[0,7],[1,3]],[[0,2],[2,5],[1,3]],[[0,1],[2,4],[1,1],[2,1],[1,3]],[],[]] Action:(1, 3, 1) New State:[[[0,7],[1,3]],[[0,1],[2,5],[1,3]],[[0,1],[2,4],[1,1],[2,1],[1,3]],[[0,1]],[]]
State:[[[0,7],[1,3]],[[0,2],[2,5],[1,3]],[[0,1],[2,4],[1,1],[2,1],[1,3]],[],[]] Action:(2, 4, 1) New State:[[[0,7],[1,3]],[[0,2],[2,5],[1,3]],[[2,4],[1,1],[2,1],[1,3]],[],[[0,1]]]
State:[[[0,7],[1,3]],[[0,2],[2,5],[1,3]],[[0,1],[2,4],[1,1],[2,1],[1,3]],[],[]] Action:(1, 3, 1) New State:[[[0,7],[1,3]],[[0,1],[2,5],[1,3]],[[0,1],[2,4],[1,1],[2,1],[1,3]],[[0,1]],[]]
State:[[[0,7],[1,3]],[[0,2],[2,5],[1,3]],[[0,1],[2,4],[1,1],[2,1],[1,3]],[],[]] Action:(0, 1, 1) New State:[[[0,6],[1,3]],[[0,3],[2,5],[1,3]],[[0,1],[2,4],[1,1],[2,1],[1,3]],[],[]]
State:[[[0,7],[1,3]],[[0,2],[2,5],[1,3]],[[0,1],[2,4],[1,1],[2,1],[1,3]],[],[]] Action:(2, 4, 2) New State:[[[0,7],[1,3]],[[0,2],[2,5],[1,3]],[[2,3],[1,1],[2,1],[1,3]],[],[[2,1],[0,1]]]
State:[[[0,7],[1,3]],[[0,2],[2,5],[1,3]],[[0,1],[2,4],[1,1],[2,1],[1,3]],[],[]] Action:(1, 4, 1) New State:[[[0,7],[1,3]],[[0,1],[2,5],[1,3]],[[0,1],[2,4],[1,1],[2,1],[1,3]],[],[[0,1]]]
State:[[[0,7],[1,3]],[[0,2],[2,5],[1,3]],[[0,1],[2,4],[1,1],[2,1],[1,3]],[],[]] Action:(0, 2, 2) New State:[[[0,5],[1,3]],[[0,2],[2,5],[1,3]],[[0,3],[2,4],[1,1],[2,1],[1,3]],[],[]]
State:[[[0,7],[1,3]],[[0,2],[2,5],[1,3]],[[0,1],[2,4],[1,1],[2,1],[1,3]],[],[]] Action:(0, 3, 4) New State:[[[0,3],[1,3]],[[0,2],[2,5],[1,3]],[[0,1],[2,4],[1,1],[2,1],[1,3]],[[0,4]],[]]
State:[[[0,7],[1,3]],[[0,2],[2,5],[1,3]],[[0,1],[2,4],[1,1],[2,1],[1,3]],[],[]] Action:(1, 2, 2) New State:[[[0,7],[1,3]],[[2,5],[1,3]],[[0,3],[2,4],[1,1],[2,1],[1,3]],[],[]]
State:[[[3,2],[2,5],[4,2],[0,1]],[[0,6],[3,3],[4,1]],[[3,4],[2,2],[0,2],[2,2]],[[2,1],[0,1],[4,5],[1,2],[4,1]],[[4,1],[3,1],[1,8]],[]] Action:(4, 5, 7) New State:[[[3,2],[2,5],[4,2],[0,1]],[[0,6],[3,3],[4,1]],[[3,4],[2,2],[0,2],[2,2]],[[2,1],[0,1],[4,5],[1,2],[4,1]],[[1,3]],[[1,5],[3,1],[4,1]]]
State:[[[3,2],[2,5],[4,2],[0,1]],[[0,6],[3,3],[4,1]],[[3,4],[2,2],[0,2],[2,2]],[[2,1],[0,1],[4,5],[1,2],[4,1]],[[4,1],[3,1],[1,8]],[]] Action:(1, 5, 10) New State:[[[3,2],[2,5],[4,2],[0,1]],[],[[3,4],[2,2],[0,2],[2,2]],[[2,1],[0,1],[4,5],[1,2],[4,1]],[[4,1],[3,1],[1,8]],[[4,1],[3,3],[0,6]]]
State:[[[3,2],[2,5],[4,2],[0,1]],[[0,6],[3,3],[4,1]],[[3,4],[2,2],[0,2],[2,2]],[[2,1],[0,1],[4,5],[1,2],[4,1]],[[4,1],[3,1],[1,8]],[]] Action:(1, 5, 1) New State:[[[3,2],[2,5],[4,2],[0,1]],[[0,5],[3,3],[4,1]],[[3,4],[2,2],[0,2],[2,2]],[[2,1],[0,1],[4,5],[1,2],[4,1]],[[4,1],[3,1],[1,8]],[[0,1]]]
State:[[[3,2],[2,5],[4,2],[0,1]],[[0,6],[3,3],[4,1]],[[3,4],[2,2],[0,2],[2,2]],[[2,1],[0,1],[4,5],[1,2],[4,1]],[[4,1],[3,1],[1,8]],[]] Action:(0, 5, 1) New State:[[[3,1],[2,5],[4,2],[0,1]],[[0,6],[3,3],[4,1]],[[3,4],[2,2],[0,2],[2,2]],[[2,1],[0,1],[4,5],[1,2],[4,1]],[[4,1],[3,1],[1,8]],[[3,1]]]
State:[[[3,2],[2,5],[4,2],[0,1]],[[0,6],[3,3],[4,1]],[[3,4],[2,2],[0,2],[2,2]],[[2,1],[0,1],[4,5],[1,2],[4,1]],[[4,1],[3,1],[1,8]],[]] Action:(3, 5, 8) New State:[[[3,2],[2,5],[4,2],[0,1]],[[0,6],[3,3],[4,1]],[[3,4],[2,2],[0,2],[2,2]],[[1,1],[4,1]],[[4,1],[3,1],[1,8]],[[1,1],[4,5],[0,1],[2,1]]]
State:[[[3,2],[2,5],[4,2],[0,1]],[[0,6],[3,3],[4,1]],[[3,4],[2,2],[0,2],[2,2]],[[2,1],[0,1],[4,5],[1,2],[4,1]],[[4,1],[3,1],[1,8]],[]] Action:(0, 5, 4) New State:[[[2,3],[4,2],[0,1]],[[0,6],[3,3],[4,1]],[[3,4],[2,2],[0,2],[2,2]],[[2,1],[0,1],[4,5],[1,2],[4,1]],[[4,1],[3,1],[1,8]],[[2,2],[3,2]]]
State:[[[3,2],[2,5],[4,2],[0,1]],[[0,6],[3,3],[4,1]],[[3,4],[2,2],[0,2],[2,2]],[[2,1],[0,1],[4,5],[1,2],[4,1]],[[4,1],[3,1],[1,8]],[]] Action:(1, 5, 4) New State:[[[3,2],[2,5],[4,2],[0,1]],[[0,2],[3,3],[4,1]],[[3,4],[2,2],[0,2],[2,2]],[[2,1],[0,1],[4,5],[1,2],[4,1]],[[4,1],[3,1],[1,8]],[[0,4]]]
State:[[[3,2],[2,5],[4,2],[0,1]],[[0,6],[3,3],[4,1]],[[3,4],[2,2],[0,2],[2,2]],[[2,1],[0,1],[4,5],[1,2],[4,1]],[[4,1],[3,1],[1,8]],[]] Action:(2, 0, 2) New State:[[[3,4],[2,5],[4,2],[0,1]],[[0,6],[3,3],[4,1]],[[3,2],[2,2],[0,2],[2,2]],[[2,1],[0,1],[4,5],[1,2],[4,1]],[[4,1],[3,1],[1,8]],[]]
State:[[[3,2],[2,5],[4,2],[0,1]],[[0,6],[3,3],[4,1]],[[3,4],[2,2],[0,2],[2,2]],[[2,1],[0,1],[4,5],[1,2],[4,1]],[[4,1],[3,1],[1,8]],[]] Action:(2, 5, 3) New State:[[[3,2],[2,5],[4,2],[0,1]],[[0,6],[3,3],[4,1]],[[3,1],[2,2],[0,2],[2,2]],[[2,1],[0,1],[4,5],[1,2],[4,1]],[[4,1],[3,1],[1,8]],[[3,3]]]
State:[[[3,2],[2,5],[4,2],[0,1]],[[0,6],[3,3],[4,1]],[[3,4],[2,2],[0,2],[2,2]],[[2,1],[0,1],[4,5],[1,2],[4,1]],[[4,1],[3,1],[1,8]],[]] Action:(0, 2, 3) New State:[[[2,4],[4,2],[0,1]],[[0,6],[3,3],[4,1]],[[2,1],[3,6],[2,2],[0,2],[2,2]],[[2,1],[0,1],[4,5],[1,2],[4,1]],[[4,1],[3,1],[1,8]],[]]
State:[[[3,2],[2,5],[4,2],[0,1]],[[0,6],[3,3],[4,1]],[[3,4],[2,2],[0,2],[2,2]],[[2,1],[0,1],[4,5],[1,2],[4,1]],[[4,1],[3,1],[1,8]],[]] Action:(3, 5, 7) New State:[[[3,2],[2,5],[4,2],[0,1]],[[0,6],[3,3],[4,1]],[[3,4],[2,2],[0,2],[2,2]],[[1,2],[4,1]],[[4,1],[3,1],[1,8]],[[4,5],[0,1],[2,1]]]
State:[[[3,2],[2,5],[4,2],[0,1]],[[0,6],[3,3],[4,1]],[[3,4],[2,2],[0,2],[2,2]],[[2,1],[0,1],[4,5],[1,2],[4,1]],[[4,1],[3,1],[1,8]],[]] Action:(3, 5, 3) New State:[[[3,2],[2,5],[4,2],[0,1]],[[0,6],[3,3],[4,1]],[[3,4],[2,2],[0,2],[2,2]],[[4,4],[1,2],[4,1]],[[4,1],[3,1],[1,8]],[[4,1],[0,1],[2,1]]]
State:[[[3,2],[2,5],[4,2],[0,1]],[[0,6],[3,3],[4,1]],[[3,4],[2,2],[0,2],[2,2]],[[2,1],[0,1],[4,5],[1,2],[4,1]],[[4,1],[3,1],[1,8]],[]] Action:(2, 5, 8) New State:[[[3,2],[2,5],[4,2],[0,1]],[[0,6],[3,3],[4,1]],[[2,2]],[[2,1],[0,1],[4,5],[1,2],[4,1]],[[4,1],[3,1],[1,8]],[[0,2],[2,2],[3,4]]]
State:[[[3,2],[2,5],[4,2],[0,1]],[[0,6],[3,3],[4,1]],[[3,4],[2,2],[0,2],[2,2]],[[2,1],[0,1],[4,5],[1,2],[4,1]],[[4,1],[3,1],[1,8]],[]] Action:(3, 5, 3) New State:[[[3,2],[2,5],[4,2],[0,1]],[[0,6],[3,3],[4,1]],[[3,4],[2,2],[0,2],[2,2]],[[4,4],[1,2],[4,1]],[[4,1],[3,1],[1,8]],[[4,1],[0,1],[2,1]]]
State:[[[3,2],[2,5],[4,2],[0,1]],[[0,6],[3,3],[4,1]],[[3,4],[2,2],[0,2],[2,2]],[[2,1],[0,1],[4,5],[1,2],[4,1]],[[4,1],[3,1],[1,8]],[]] Action:(3, 5, 7) New State:[[[3,2],[2,5],[4,2],[0,1]],[[0,6],[3,3],[4,1]],[[3,4],[2,2],[0,2],[2,2]],[[1,2],[4,1]],[[4,1],[3,1],[1,8]],[[4,5],[0,1],[2,1]]]
State:[[[3,2],[2,5],[4,2],[0,1]],[[0,6],[3,3],[4,1]],[[3,4],[2,2],[0,2],[2,2]],[[2,1],[0,1],[4,5],[1,2],[4,1]],[[4,1],[3,1],[1,8]],[]] Action:(4, 5, 8) New State:[[[3,2],[2,5],[4,2],[0,1]],[[0,6],[3,3],[4,1]],[[3,4],[2,2],[0,2],[2,2]],[[2,1],[0,1],[4,5],[1,2],[4,1]],[[1,2]],[[1,6],[3,1],[4,1]]]
State:[[[3,2],[2,5],[4,2],[0,1]],[[0,6],[3,3],[4,1]],[[3,4],[2,2],[0,2],[2,2]],[[2,1],[0,1],[4,5],[1,2],[4,1]],[[4,1],[3,1],[1,8]],[]] Action:(3, 5, 3) New State:[[[3,2],[2,5],[4,2],[0,1]],[[0,6],[3,3],[4,1]],[[3,4],[2,2],[0,2],[2,2]],[[4,4],[1,2],[4,1]],[[4,1],[3,1],[1,8]],[[4,1],[0,1],[2,1]]]
State:[[[3,2],[2,5],[4,2],[0,1]],[[0,6],[3,3],[4,1]],[[3,4],[2,2],[0,2],[2,2]],[[2,1],[0,1],[4,5],[1,2],[4,1]],[[4,1],[3,1],[1,8]],[]] Action:(2, 0, 1) New State:[[[3,3],[2,5],[4,2],[0,1]],[[0,6],[3,3],[4,1]],[[3,3],[2,2],[0,2],[2,2]],[[2,1],[0,1],[4,5],[1,2],[4,1]],[[4,1],[3,1],[1,8]],[]]
State:[[[3,2],[2,5],[4,2],[0,1]],[[0,6],[3,3],[4,1]],[[3,4],[2,2],[0,2],[2,2]],[[2,1],[0,1],[4,5],[1,2],[4,1]],[[4,1],[3,1],[1,8]],[]] Action:(1, 5, 10) New State:[[[3,2],[2,5],[4,2],[0,1]],[],[[3,4],[2,2],[0,2],[2,2]],[[2,1],[0,1],[4,5],[1,2],[4,1]],[[4,1],[3,1],[1,8]],[[4,1],[3,3],[0,6]]]
State:[[[3,2],[2,5],[4,2],[0,1]],[[0,6],[3,3],[4,1]],[[3,4],[2,2],[0,2],[2,2]],[[2,1],[0,1],[4,5],[1,2],[4,1]],[[4,1],[3,1],[1,8]],[]] Action:(3, 5, 10) New State:[[[3,2],[2,5],[4,2],[0,1]],[[0,6],[3,3],[4,1]],[[3,4],[2,2],[0,2],[2,2]],[],[[4,1],[3,1],[1,8]],[[4,1],[1,2],[4,5],[0,1],[2,1]]]
State:[[[3,2],[2,5],[4,2],[0,1]],[[0,6],[3,3],[4,1]],[[3,4],[2,2],[0,2],[2,2]],[[2,1],[0,1],[4,5],[1,2],[4,1]],[[4,1],[3,1],[1,8]],[]] Action:(0, 5, 3) New State:[[[2,4],[4,2],[0,1]],[[0,6],[3,3],[4,1]],[[3,4],[2,2],[0,2],[2,2]],[[2,1],[0,1],[4,5],[1,2],[4,1]],[[4,1],[3,1],[1,8]],[[2,1],[3,2]]]
State:[[[3,2],[2,5],[4,2],[0,1]],[[0,6],[3,3],[4,1]],[[3,4],[2,2],[0,2],[2,2]],[[2,1],[0,1],[4,5],[1,2],[4,1]],[[4,1],[3,1],[1,8]],[]] Action:(1, 5, 6) New State:[[[3,2],[2,5],[4,2],[0,1]],[[3,3],[4,1]],[[3,4],[2,2],[0,2],[2,2]],[[2,1],[0,1],[4,5],[1,2],[4,1]],[[4,1],[3,1],[1,8]],[[0,6]]]
State:[[[3,2],[2,5],[4,2],[0,1]],[[0,6],[3,3],[4,1]],[[3,4],[2,2],[0,2],[2,2]],[[2,1],[0,1],[4,5],[1,2],[4,1]],[[4,1],[3,1],[1,8]],[]] Action:(3, 5, 3) New State:[[[3,2],[2,5],[4,2],[0,1]],[[0,6],[3,3],[4,1]],[[3,4],[2,2],[0,2],[2,2]],[[4,4],[1,2],[4,1]],[[4,1],[3,1],[1,8]],[[4,1],[0,1],[2,1]]]
State:[[[0,3],[3,3],[4,4]],[[1,5],[3,4],[1,1]],[[4,6],[0,2],[2,1],[1,1]],[[2,3],[0,2],[1,2],[3,1],[2,1],[0,1]],[[3,1],[2,3],[0,2],[1,1],[3,1],[2,2]],[]] Action:(1, 5, 10) New State:[[[0,3],[3,3],[4,4]],[],[[4,6],[0,2],[2,1],[1,1]],[[2,3],[0,2],[1,2],[3,1],[2,1],[0,1]],[[3,1],[2,3],[0,2],[1,1],[3,1],[2,2]],[[1,1],[3,4],[1,5]]]
State:[[[0,3],[3,3],[4,4]],[[1,5],[3,4],[1,1]],[[4,6],[0,2],[2,1],[1,1]],[[2,3],[0,2],[1,2],[3,1],[2,1],[0,1]],[[3,1],[2,3],[0,2],[1,1],[3,1],[2,2]],[]] Action:(0, 5, 2) New State:[[[0,1],[3,3],[4,4]],[[1,5],[3,4],[1,1]],[[4,6],[0,2],[2,1],[1,1]],[[2,3],[0,2],[1,2],[3,1],[2,1],[0,1]],[[3,1],[2,3],[0,2],[1,1],[3,1],[2,2]],[[0,2]]]
State:[[[0,3],[3,3],[4,4]],[[1,5],[3,4],[1,1]],[[4,6],[0,2],[2,1],[1,1]],[[2,3],[0,2],[1,2],[3,1],[2,1],[0,1]],[[3,1],[2,3],[0,2],[1,1],[3,1],[2,2]],[]] Action:(1, 5, 9) New State:[[[0,3],[3,3],[4,4]],[[1,1]],[[4,6],[0,2],[2,1],[1,1]],[[2,3],[0,2],[1,2],[3,1],[2,1],[0,1]],[[3,1],[2,3],[0,2],[1,1],[3,1],[2,2]],[[3,4],[1,5]]]
State:[[[0,3],[3,3],[4,4]],[[1,5],[3,4],[1,1]],[[4,6],[0,2],[2,1],[1,1]],[[2,3],[0,2],[1,2],[3,1],[2,1],[0,1]],[[3,1],[2,3],[0,2],[1,1],[3,1],[2,2]],[]] Action:(0, 5, 1) New State:[[[0,2],[3,3],[4,4]],[[1,5],[3,4],[1,1]],[[4,6],[0,2],[2,1],[1,1]],[[2,3],[0,2],[1,2],[3,1],[2,1],[0,1]],[[3,1],[2,3],[0,2],[1,1],[3,1],[2,2]],[[0,1]]]
State:[[[0,3],[3,3],[4,4]],[[1,5],[3,4],[1,1]],[[4,6],[0,2],[2,1],[1,1]],[[2,3],[0,2],[1,2],[3,1],[2,1],[0,1]],[[3,1],[2,3],[0,2],[1,1],[3,1],[2,2]],[]] Action:(1, 5, 5) New State:[[[0,3],[3,3],[4,4]],[[3,4],[1,1]],[[4,6],[0,2],[2,1],[1,1]],[[2,3],[0,2],[1,2],[3,1],[2,1],[0,1]],[[3,1],[2,3],[0,2],[1,1],[3,1],[2,2]],[[1,5]]]
State:[[[0,3],[3,3],[4,4]],[[1,5],[3,4],[1,1]],[[4,6],[0,2],[2,1],[1,1]],[[2,3],[0,2],[1,2],[3,1],[2,1],[0,1]],[[3,1],[2,3],[0,2],[1,1],[3,1],[2,2]],[]] Action:(4, 5, 3) New State:[[[0,3],[3,3],[4,4]],[[1,5],[3,4],[1,1]],[[4,6],[0,2],[2,1],[1,1]],[[2,3],[0,2],[1,2],[3,1],[2,1],[0,1]],[[2,1],[0,2],[1,1],[3,1],[2,2]],[[2,2],[3,1]]]
State:[[[0,3],[3,3],[4,4]],[[1,5],[3,4],[1,1]],[[4,6],[0,2],[2,1],[1,1]],[[2,3],[0,2],[1,2],[3,1],[2,1],[0,1]],[[3,1],[2,3],[0,2],[1,1],[3,1],[2,2]],[]] Action:(3, 5, 7) New State:[[[0,3],[3,3],[4,4]],[[1,5],[3,4],[1,1]],[[4,6],[0,2],[2,1],[1,1]],[[3,1],[2,1],[0,1]],[[3,1],[2,3],[0,2],[1,1],[3,1],[2,2]],[[1,2],[0,2],[2,3]]]
State:[[[0,3],[3,3],[4,4]],[[1,5],[3,4],[1,1]],[[4,6],[0,2],[2,1],[1,1]],[[2,3],[0,2],[1,2],[3,1],[2,1],[0,1]],[[3,1],[2,3],[0,2],[1,1],[3,1],[2,2]],[]] Action:(3, 5, 10) New State:[[[0,3],[3,3],[4,4]],[[1,5],[3,4],[1,1]],[[4,6],[0,2],[2,1],[1,1]],[],[[3,1],[2,3],[0,2],[1,1],[3,1],[2,2]],[[0,1],[2,1],[3,1],[1,2],[0,2],[2,3]]]
State:[[[0,3],[3,3],[4,4]],[[1,5],[3,4],[1,1]],[[4,6],[0,2],[2,1],[1,1]],[[2,3],[0,2],[1,2],[3,1],[2,1],[0,1]],[[3,1],[2,3],[0,2],[1,1],[3,1],[2,2]],[]] Action:(1, 5, 6) New State:[[[0,3],[3,3],[4,4]],[[3,3],[1,1]],[[4,6],[0,2],[2,1],[1,1]],[[2,3],[0,2],[1,2],[3,1],[2,1],[0,1]],[[3,1],[2,3],[0,2],[1,1],[3,1],[2,2]],[[3,1],[1,5]]]
State:[[[0,3],[3,3],[4,4]],[[1,5],[3,4],[1,1]],[[4,6],[0,2],[2,1],[1,1]],[[2,3],[0,2],[1,2],[3,1],[2,1],[0,1]],[[3,1],[2,3],[0,2],[1,1],[3,1],[2,2]],[]] Action:(1, 5, 1) New State:[[[0,3],[3,3],[4,4]],[[1,4],[3,4],[1,1]],[[4,6],[0,2],[2,1],[1,1]],[[2,3],[0,2],[1,2],[3,1],[2,1],[0,1]],[[3,1],[2,3],[0,2],[1,1],[3,1],[2,2]],[[1,1]]]
State:[[[0,3],[3,3],[4,4]],[[1,5],[3,4],[1,1]],[[4,6],[0,2],[2,1],[1,1]],[[2,3],[0,2],[1,2],[3,1],[2,1],[0,1]],[[3,1],[2,3],[0,2],[1,1],[3,1],[2,2]],[]] Action:(2, 5, 3) New State:[[[0,3],[3,3],[4,4]],[[1,5],[3,4],[1,1]],[[4,3],[0,2],[2,1],[1,1]],[[2,3],[0,2],[1,2],[3,1],[2,1],[0,1]],[[3,1],[2,3],[0,2],[1,1],[3,1],[2,2]],[[4,3]]]
State:[[[0,3],[3,3],[4,4]],[[1,5],[3,4],[1,1]],[[4,6],[0,2],[2,1],[1,1]],[[2,3],[0,2],[1,2],[3,1],[2,1],[0,1]],[[3,1],[2,3],[0,2],[1,1],[3,1],[2,2]],[]] Action:(0, 5, 8) New State:[[[4,2]],[[1,5],[3,4],[1,1]],[[4,6],[0,2],[2,1],[1,1]],[[2,3],[0,2],[1,2],[3,1],[2,1],[0,1]],[[3,1],[2,3],[0,2],[1,1],[3,1],[2,2]],[[4,2],[3,3],[0,3]]]
State:[[[0,3],[3,3],[4,4]],[[1,5],[3,4],[1,1]],[[4,6],[0,2],[2,1],[1,1]],[[2,3],[0,2],[1,2],[3,1],[2,1],[0,1]],[[3,1],[2,3],[0,2],[1,1],[3,1],[2,2]],[]] Action:(3, 5, 7) New State:[[[0,3],[3,3],[4,4]],[[1,5],[3,4],[1,1]],[[4,6],[0,2],[2,1],[1,1]],[[3,1],[2,1],[0,1]],[[3,1],[2,3],[0,2],[1,1],[3,1],[2,2]],[[1,2],[0,2],[2,3]]]
State:[[[0,3],[3,3],[4,4]],[[1,5],[3,4],[1,1]],[[4,6],[0,2],[2,1],[1,1]],[[2,3],[0,2],[1,2],[3,1],[2,1],[0,1]],[[3,1],[2,3],[0,2],[1,1],[3,1],[2,2]],[]] Action:(4, 5, 7) New State:[[[0,3],[3,3],[4,4]],[[1,5],[3,4],[1,1]],[[4,6],[0,2],[2,1],[1,1]],[[2,3],[0,2],[1,2],[3,1],[2,1],[0,1]],[[3,1],[2,2]],[[1,1],[0,2],[2,3],[3,1]]]
State:[[[0,3],[3,3],[4,4]],[[1,5],[3,4],[1,1]],[[4,6],[0,2],[2,1],[1,1]],[[2,3],[0,2],[1,2],[3,1],[2,1],[0,1]],[[3,1],[2,3],[0,2],[1,1],[3,1],[2,2]],[]] Action:(1, 5, 2) New State:[[[0,3],[3,3],[4,4]],[[1,3],[3,4],[1,1]],[[4,6],[0,2],[2,1],[1,1]],[[2,3],[0,2],[1,2],[3,1],[2,1],[0,1]],[[3,1],[2,3],[0,2],[1,1],[3,1],[2,2]],[[1,2]]]
State:[[[0,3],[3,3],[4,4]],[[1,5],[3,4],[1,1]],[[4,6],[0,2],[2,1],[1,1]],[[2,3],[0,2],[1,2],[3,1],[2,1],[0,1]],[[3,1],[2,3],[0,2],[1,1],[3,1],[2,2]],[]] Action:(2, 5, 1) New State:[[[0,3],[3,3],[4,4]],[[1,5],[3,4],[1,1]],[[4,5],[0,2],[2,1],[1,1]],[[2,3],[0,2],[1,2],[3,1],[2,1],[0,1]],[[3,1],[2,3],[0,2],[1,1],[3,1],[2,2]],[[4,1]]]
State:[[[0,3],[3,3],[4,4]],[[1,5],[3,4],[1,1]],[[4,6],[0,2],[2,1],[1,1]],[[2,3],[0,2],[1,2],[3,1],[2,1],[0,1]],[[3,1],[2,3],[0,2],[1,1],[3,1],[2,2]],[]] Action:(2, 5, 8) New State:[[[0,3],[3,3],[4,4]],[[1,5],[3,4],[1,1]],[[2,1],[1,1]],[[2,3],[0,2],[1,2],[3,1],[2,1],[0,1]],[[3,1],[2,3],[0,2],[1,1],[3,1],[2,2]],[[0,2],[4,6]]]
State:[[[0,3],[3,3],[4,4]],[[1,5],[3,4],[1,1]],[[4,6],[0,2],[2,1],[1,1]],[[2,3],[0,2],[1,2],[3,1],[2,1],[0,1]],[[3,1],[2,3],[0,2],[1,1],[3,1],[2,2]],[]] Action:(4, 5, 8) New State:[[[0,3],[3,3],[4,4]],[[1,5],[3,4],[1,1]],[[4,6],[0,2],[2,1],[1,1]],[[2,3],[0,2],[1,2],[3,1],[2,1],[0,1]],[[2,2]],[[3,1],[1,1],[0,2],[2,3],[3,1]]]
State:[[[0,3],[3,3],[4,4]],[[1,5],[3,4],[1,1]],[[4,6],[0,2],[2,1],[1,1]],[[2,3],[0,2],[1,2],[3,1],[2,1],[0,1]],[[3,1],[2,3],[0,2],[1,1],[3,1],[2,2]],[]] Action:(1, 5, 7) New State:[[[0,3],[3,3],[4,4]],[[3,2],[1,1]],[[4,6],[0,2],[2,1],[1,1]],[[2,3],[0,2],[1,2],[3,1],[2,1],[0,1]],[[3,1],[2,3],[0,2],[1,1],[3,1],[2,2]],[[3,2],[1,5]]]
State:[[[0,3],[3,3],[4,4]],[[1,5],[3,4],[1,1]],[[4,6],[0,2],[2,1],[1,1]],[[2,3],[0,2],[1,2],[3,1],[2,1],[0,1]],[[3,1],[2,3],[0,2],[1,1],[3,1],[2,2]],[]] Action:(4, 5, 7) New State:[[[0,3],[3,3],[4,4]],[[1,5],[3,4],[1,1]],[[4,6],[0,2],[2,1],[1,1]],[[2,3],[0,2],[1,2],[3,1],[2,1],[0,1]],[[3,1],[2,2]],[[1,1],[0,2],[2,3],[3,1]]]
State:[[[0,3],[3,3],[4,4]],[[1,5],[3,4],[1,1]],[[4,6],[0,2],[2,1],[1,1]],[[2,3],[0,2],[1,2],[3,1],[2,1],[0,1]],[[3,1],[2,3],[0,2],[1,1],[3,1],[2,2]],[]] Action:(3, 5, 1) New State:[[[0,3],[3,3],[4,4]],[[1,5],[3,4],[1,1]],[[4,6],[0,2],[2,1],[1,1]],[[2,2],[0,2],[1,2],[3,1],[2,1],[0,1]],[[3,1],[2,3],[0,2],[1,1],[3,1],[2,2]],[[2,1]]]
State:[[[0,3],[3,3],[4,4]],[[1,5],[3,4],[1,1]],[[4,6],[0,2],[2,1],[1,1]],[[2,3],[0,2],[1,2],[3,1],[2,1],[0,1]],[[3,1],[2,3],[0,2],[1,1],[3,1],[2,2]],[]] Action:(2, 5, 7) New State:[[[0,3],[3,3],[4,4]],[[1,5],[3,4],[1,1]],[[0,1],[2,1],[1,1]],[[2,3],[0,2],[1,2],[3,1],[2,1],[0,1]],[[3,1],[2,3],[0,2],[1,1],[3,1],[2,2]],[[0,1],[4,6]]]
State:[[[1,4],[0,4],[3,1],[1,1]],[[1,2],[0,6],[1,1],[3,1]],[[2,9],[3,1]],[[1,2],[2,1],[3,7]],[]] Action:(1, 4, 4) New State:[[[1,4],[0,4],[3,1],[1,1]],[[0,4],[1,1],[3,1]],[[2,9],[3,1]],[[1,2],[2,1],[3,7]],[[0,2],[1,2]]]
State:[[[1,4],[0,4],[3,1],[1,1]],[[1,2],[0,6],[1,1],[3,1]],[[2,9],[3,1]],[[1,2],[2,1],[3,7]],[]] Action:(0, 4, 6) New State:[[[0,2],[3,1],[1,1]],[[1,2],[0,6],[1,1],[3,1]],[[2,9],[3,1]],[[1,2],[2,1],[3,7]],[[0,2],[1,4]]]
State:[[[1,4],[0,4],[3,1],[1,1]],[[1,2],[0,6],[1,1],[3,1]],[[2,9],[3,1]],[[1,2],[2,1],[3,7]],[]] Action:(2, 4, 2) New State:[[[1,4],[0,4],[3,1],[1,1]],[[1,2],[0,6],[1,1],[3,1]],[[2,7],[3,1]],[[1,2],[2,1],[3,7]],[[2,2]]]
State:[[[1,4],[0,4],[3,1],[1,1]],[[1,2],[0,6],[1,1],[3,1]],[[2,9],[3,1]],[[1,2],[2,1],[3,7]],[]] Action:(1, 0, 2) New State:[[[1,6],[0,4],[3,1],[1,1]],[[0,6],[1,1],[3,1]],[[2,9],[3,1]],[[1,2],[2,1],[3,7]],[]]
State:[[[1,4],[0,4],[3,1],[1,1]],[[1,2],[0,6],[1,1],[3,1]],[[2,9],[3,1]],[[1,2],[2,1],[3,7]],[]] Action:(1, 3, 2) New State:[[[1,4],[0,4],[3,1],[1,1]],[[0,6],[1,1],[3,1]],[[2,9],[3,1]],[[1,4],[2,1],[3,7]],[]]
State:[[[1,4],[0,4],[3,1],[1,1]],[[1,2],[0,6],[1,1],[3,1]],[[2,9],[3,1]],[[1,2],[2,1],[3,7]],[]] Action:(0, 4, 4) New State:[[[0,4],[3,1],[1,1]],[[1,2],[0,6],[1,1],[3,1]],[[2,9],[3,1]],[[1,2],[2,1],[3,7]],[[1,4]]]
State:[[[1,4],[0,4],[3,1],[1,1]],[[1,2],[0,6],[1,1],[3,1]],[[2,9],[3,1]],[[1,2],[2,1],[3,7]],[]] Action:(1, 4, 10) New State:[[[1,4],[0,4],[3,1],[1,1]],[],[[2,9],[3,1]],[[1,2],[2,1],[3,7]],[[3,1],[1,1],[0,6],[1,2]]]
State:[[[1,4],[0,4],[3,1],[1,1]],[[1,2],[0,6],[1,1],[3,1]],[[2,9],[3,1]],[[1,2],[2,1],[3,7]],[]] Action:(1, 4, 9) New State:[[[1,4],[0,4],[3,1],[1,1]],[[3,1]],[[2,9],[3,1]],[[1,2],[2,1],[3,7]],[[1,1],[0,6],[1,2]]]
State:[[[1,4],[0,4],[3,1],[1,1]],[[1,2],[0,6],[1,1],[3,1]],[[2,9],[3,1]],[[1,2],[2,1],[3,7]],[]] Action:(3, 4, 7) New State:[[[1,4],[0,4],[3,1],[1,1]],[[1,2],[0,6],[1,1],[3,1]],[[2,9],[3,1]],[[3,3]],[[3,4],[2,1],[1,2]]]
State:[[[1,4],[0,4],[3,1],[1,1]],[[1,2],[0,6],[1,1],[3,1]],[[2,9],[3,1]],[[1,2],[2,1],[3,7]],[]] Action:(2, 4, 7) New State:[[[1,4],[0,4],[3,1],[1,1]],[[1,2],[0,6],[1,1],[3,1]],[[2,2],[3,1]],[[1,2],[2,1],[3,7]],[[2,7]]]
State:[[[1,4],[0,4],[3,1],[1,1]],[[1,2],[0,6],[1,1],[3,1]],[[2,9],[3,1]],[[1,2],[2,1],[3,7]],[]] Action:(0, 4, 2) New State:[[[1,2],[0,4],[3,1],[1,1]],[[1,2],[0,6],[1,1],[3,1]],[[2,9],[3,1]],[[1,2],[2,1],[3,7]],[[1,2]]]
State:[[[1,4],[0,4],[3,1],[1,1]],[[1,2],[0,6],[1,1],[3,1]],[[2,9],[3,1]],[[1,2],[2,1],[3,7]],[]] Action:(0, 1, 1) New State:[[[1,3],[0,4],[3,1],[1,1]],[[1,3],[0,6],[1,1],[3,1]],[[2,9],[3,1]],[[1,2],[2,1],[3,7]],[]]
State:[[[1,4],[0,4],[3,1],[1,1]],[[1,2],[0,6],[1,1],[3,1]],[[2,9],[3,1]],[[1,2],[2,1],[3,7]],[]] Action:(2, 4, 3) New State:[[[1,4],[0,4],[3,1],[1,1]],[[1,2],[0,6],[1,1],[3,1]],[[2,6],[3,1]],[[1,2],[2,1],[3,7]],[[2,3]]]
State:[[[1,4],[0,4],[3,1],[1,1]],[[1,2],[0,6],[1,1],[3,1]],[[2,9],[3,1]],[[1,2],[2,1],[3,7]],[]] Action:(3, 4, 9) New State:[[[1,4],[0,4],[3,1],[1,1]],[[1,2],[0,6],[1,1],[3,1]],[[2,9],[3,1]],[[3,1]],[[3,6],[2,1],[1,2]]]
State:[[[1,4],[0,4],[3,1],[1,1]],[[1,2],[0,6],[1,1],[3,1]],[[2,9],[3,1]],[[1,2],[2,1],[3,7]],[]] Action:(1, 4, 7) New State:[[[1,4],[0,4],[3,1],[1,1]],[[0,1],[1,1],[3,1]],[[2,9],[3,1]],[[1,2],[2,1],[3,7]],[[0,5],[1,2]]]
State:[[[1,4],[0,4],[3,1],[1,1]],[[1,2],[0,6],[1,1],[3,1]],[[2,9],[3,1]],[[1,2],[2,1],[3,7]],[]] Action:(3, 1, 3) New State:[[[1,4],[0,4],[3,1],[1,1]],[[2,1],[1,4],[0,6],[1,1],[3,1]],[[2,9],[3,1]],[[3,7]],[]]
State:[[[1,4],[0,4],[3,1],[1,1]],[[1,2],[0,6],[1,1],[3,1]],[[2,9],[3,1]],[[1,2],[2,1],[3,7]],[]] Action:(0, 4, 9) New State:[[[1,1]],[[1,2],[0,6],[1,1],[3,1]],[[2,9],[3,1]],[[1,2],[2,1],[3,7]],[[3,1],[0,4],[1,4]]]
State:[[[1,4],[0,4],[3,1],[1,1]],[[1,2],[0,6],[1,1],[3,1]],[[2,9],[3,1]],[[1,2],[2,1],[3,7]],[]] Action:(1, 4, 1) New State:[[[1,4],[0,4],[3,1],[1,1]],[[1,1],[0,6],[1,1],[3,1]],[[2,9],[3,1]],[[1,2],[2,1],[3,7]],[[1,1]]]
State:[[[1,4],[0,4],[3,1],[1,1]],[[1,2],[0,6],[1,1],[3,1]],[[2,9],[3,1]],[[1,2],[2,1],[3,7]],[]] Action:(1, 4, 3) New State:[[[1,4],[0,4],[3,1],[1,1]],[[0,5],[1,1],[3,1]],[[2,9],[3,1]],[[1,2],[2,1],[3,7]],[[0,1],[1,2]]]
State:[[[1,4],[0,4],[3,1],[1,1]],[[1,2],[0,6],[1,1],[3,1]],[[2,9],[3,1]],[[1,2],[2,1],[3,7]],[]] Action:(2, 4, 9) New State:[[[1,4],[0,4],[3,1],[1,1]],[[1,2],[0,6],[1,1],[3,1]],[[3,1]],[[1,2],[2,1],[3,7]],[[2,9]]]
State:[[[1,4],[0,4],[3,1],[1,1]],[[1,2],[0,6],[1,1],[3,1]],[[2,9],[3,1]],[[1,2],[2,1],[3,7]],[]] Action:(1, 4, 7) New State:[[[1,4],[0,4],[3,1],[1,1]],[[0,1],[1,1],[3,1]],[[2,9],[3,1]],[[1,2],[2,1],[3,7]],[[0,5],[1,2]]]
State:[[[1,4],[0,4],[3,1],[1,1]],[[1,2],[0,6],[1,1],[3,1]],[[2,9],[3,1]],[[1,2],[2,1],[3,7]],[]] Action:(3, 4, 2) New State:[[[1,4],[0,4],[3,1],[1,1]],[[1,2],[0,6],[1,1],[3,1]],[[2,9],[3,1]],[[2,1],[3,7]],[[1,2]]]
State:[[[1,4],[0,4],[3,1],[1,1]],[[1,2],[0,6],[1,1],[3,1]],[[2,9],[3,1]],[[1,2],[2,1],[3,7]],[]] Action:(1, 4, 9) New State:[[[1,4],[0,4],[3,1],[1,1]],[[3,1]],[[2,9],[3,1]],[[1,2],[2,1],[3,7]],[[1,1],[0,6],[1,2]]]
State:[[[1,4],[0,4],[3,1],[1,1]],[[1,2],[0,6],[1,1],[3,1]],[[2,9],[3,1]],[[1,2],[2,1],[3,7]],[]] Action:(1, 3, 2) New State:[[[1,4],[0,4],[3,1],[1,1]],[[0,6],[1,1],[3,1]],[[2,9],[3,1]],[[1,4],[2,1],[3,7]],[]]
State:[[[1,4],[0,4],[3,1],[1,1]],[[1,2],[0,6],[1,1],[3,1]],[[2,9],[3,1]],[[1,2],[2,1],[3,7]],[]] Action:(3, 4, 2) New State:[[[1,4],[0,4],[3,1],[1,1]],[[1,2],[0,6],[1,1],[3,1]],[[2,9],[3,1]],[[2,1],[3,7]],[[1,2]]]
State:[[[1,4],[0,4],[3,1],[1,1]],[[1,2],[0,6],[1,1],[3,1]],[[2,9],[3,1]],[[1,2],[2,1],[3,7]],[]] Action:(1, 3, 3) New State:[[[1,4],[0,4],[3,1],[1,1]],[[0,5],[1,1],[3,1]],[[2,9],[3,1]],[[0,1],[1,4],[2,1],[3,7]],[]]
State:[[[1,4],[0,4],[3,1],[1,1]],[[1,2],[0,6],[1,1],[3,1]],[[2,9],[3,1]],[[1,2],[2,1],[3,7]],[]] Action:(1, 4, 9) New State:[[[1,4],[0,4],[3,1],[1,1]],[[3,1]],[[2,9],[3,1]],[[1,2],[2,1],[3,7]],[[1,1],[0,6],[1,2]]]
State:[[[1,4],[0,4],[3,1],[1,1]],[[1,2],[0,6],[1,1],[3,1]],[[2,9],[3,1]],[[1,2],[2,1],[3,7]],[]] Action:(0, 4, 8) New State:[[[3,1],[1,1]],[[1,2],[0,6],[1,1],[3,1]],[[2,9],[3,1]],[[1,2],[2,1],[3,7]],[[0,4],[1,4]]]
State:[[[1,4],[0,4],[3,1],[1,1]],[[1,2],[0,6],[1,1],[3,1]],[[2,9],[3,1]],[[1,2],[2,1],[3,7]],[]] Action:(1, 4, 8) New State:[[[1,4],[0,4],[3,1],[1,1]],[[1,1],[3,1]],[[2,9],[3,1]],[[1,2],[2,1],[3,7]],[[0,6],[1,2]]]
State:[[[1,3],[2,3],[1,1],[2,2],[1,1]],[[1,3],[2,4],[0,2],[1,1]],[[1,1],[0,5],[2,1],[0,3]]] Action:(0, 2, 2) New State:[[[1,1],[2,3],[1,1],[2,2],[1,1]],[[1,3],[2,4],[0,2],[1,1]],[[1,3],[0,5],[2,1],[0,3]]]
State:[[[1,3],[2,3],[1,1],[2,2],[1,1]],[[1,3],[2,4],[0,2],[1,1]],[[1,1],[0,5],[2,1],[0,3]]] Action:(2, 0, 2) New State:[[[0,1],[1,4],[2,3],[1,1],[2,2],[1,1]],[[1,3],[2,4],[0,2],[1,1]],[[0,4],[2,1],[0,3]]]
State:[[[1,3],[2,3],[1,1],[2,2],[1,1]],[[1,3],[2,4],[0,2],[1,1]],[[1,1],[0,5],[2,1],[0,3]]] Action:(0, 2, 3) New State:[[[2,3],[1,1],[2,2],[1,1]],[[1,3],[2,4],[0,2],[1,1]],[[1,4],[0,5],[2,1],[0,3]]]
State:[[[1,3],[2,3],[1,1],[2,2],[1,1]],[[1,3],[2,4],[0,2],[1,1]],[[1,1],[0,5],[2,1],[0,3]]] Action:(2, 0, 3) New State:[[[0,2],[1,4],[2,3],[1,1],[2,2],[1,1]],[[1,3],[2,4],[0,2],[1,1]],[[0,3],[2,1],[0,3]]]
State:[[[1,3],[2,3],[1,1],[2,2],[1,1]],[[1,3],[2,4],[0,2],[1,1]],[[1,1],[0,5],[2,1],[0,3]]] Action:(1, 2, 3) New State:[[[1,3],[2,3],[1,1],[2,2],[1,1]],[[2,4],[0,2],[1,1]],[[1,4],[0,5],[2,1],[0,3]]]
State:[[[1,3],[2,3],[1,1],[2,2],[1,1]],[[1,3],[2,4],[0,2],[1,1]],[[1,1],[0,5],[2,1],[0,3]]] Action:(1, 0, 3) New State:[[[1,6],[2,3],[1,1],[2,2],[1,1]],[[2,4],[0,2],[1,1]],[[1,1],[0,5],[2,1],[0,3]]]
State:[[[0,4],[2,5],[0,1]],[[1,9],[2,1]],[[2,3],[0,5],[2,1],[1,1]],[]] Action:(1, 3, 1) New State:[[[0,4],[2,5],[0,1]],[[1,8],[2,1]],[[2,3],[0,5],[2,1],[1,1]],[[1,1]]]
State:[[[2,7],[0,3]],[[2,3],[1,4],[3,1],[0,2]],[[0,4],[3,4],[0,1],[1,1]],[[1,4],[3,3],[1,1],[3,2]]] Action:(1, 0, 1) New State:[[[2,8],[0,3]],[[2,2],[1,4],[3,1],[0,2]],[[0,4],[3,4],[0,1],[1,1]],[[1,4],[3,3],[1,1],[3,2]]]
State:[[[0,5],[2,4],[1,1]],[[1,4],[0,5],[2,1]],[[1,2],[2,1],[1,1],[2,3],[1,2],[2,1]],[]] Action:(1, 3, 9) New State:[[[0,5],[2,4],[1,1]],[[2,1]],[[1,2],[2,1],[1,1],[2,3],[1,2],[2,1]],[[0,5],[1,4]]]
State:[[[0,5],[2,4],[1,1]],[[1,4],[0,5],[2,1]],[[1,2],[2,1],[1,1],[2,3],[1,2],[2,1]],[]] Action:(1, 3, 5) New State:[[[0,5],[2,4],[1,1]],[[0,4],[2,1]],[[1,2],[2,1],[1,1],[2,3],[1,2],[2,1]],[[0,1],[1,4]]]
State:[[[0,5],[2,4],[1,1]],[[1,4],[0,5],[2,1]],[[1,2],[2,1],[1,1],[2,3],[1,2],[2,1]],[]] Action:(1, 3, 2) New State:[[[0,5],[2,4],[1,1]],[[1,2],[0,5],[2,1]],[[1,2],[2,1],[1,1],[2,3],[1,2],[2,1]],[[1,2]]]
State:[[[0,5],[2,4],[1,1]],[[1,4],[0,5],[2,1]],[[1,2],[2,1],[1,1],[2,3],[1,2],[2,1]],[]] Action:(0, 3, 1) New State:[[[0,4],[2,4],[1,1]],[[1,4],[0,5],[2,1]],[[1,2],[2,1],[1,1],[2,3],[1,2],[2,1]],[[0,1]]]
State:[[[0,5],[2,4],[1,1]],[[1,4],[0,5],[2,1]],[[1,2],[2,1],[1,1],[2,3],[1,2],[2,1]],[]] Action:(2, 3, 5) New State:[[[0,5],[2,4],[1,1]],[[1,4],[0,5],[2,1]],[[2,2],[1,2],[2,1]],[[2,1],[1,1],[2,1],[1,2]]]
State:[[[0,5],[2,4],[1,1]],[[1,4],[0,5],[2,1]],[[1,2],[2,1],[1,1],[2,3],[1,2],[2,1]],[]] Action:(2, 3, 6) New State:[[[0,5],[2,4],[1,1]],[[1,4],[0,5],[2,1]],[[2,1],[1,2],[2,1]],[[2,2],[1,1],[2,1],[1,2]]]
State:[[[0,5],[2,4],[1,1]],[[1,4],[0,5],[2,1]],[[1,2],[2,1],[1,1],[2,3],[1,2],[2,1]],[]] Action:(2, 1, 3) New State:[[[0,5],[2,4],[1,1]],[[2,1],[1,6],[0,5],[2,1]],[[1,1],[2,3],[1,2],[2,1]],[]]
State:[[[0,5],[2,4],[1,1]],[[1,4],[0,5],[2,1]],[[1,2],[2,1],[1,1],[2,3],[1,2],[2,1]],[]] Action:(1, 2, 2) New State:[[[0,5],[2,4],[1,1]],[[1,2],[0,5],[2,1]],[[1,4],[2,1],[1,1],[2,3],[1,2],[2,1]],[]]
State:[[[0,5],[2,4],[1,1]],[[1,4],[0,5],[2,1]],[[1,2],[2,1],[1,1],[2,3],[1,2],[2,1]],[]] Action:(0, 3, 7) New State:[[[2,2],[1,1]],[[1,4],[0,5],[2,1]],[[1,2],[2,1],[1,1],[2,3],[1,2],[2,1]],[[2,2],[0,5]]]
State:[[[0,5],[2,4],[1,1]],[[1,4],[0,5],[2,1]],[[1,2],[2,1],[1,1],[2,3],[1,2],[2,1]],[]] Action:(2, 1, 1) New State:[[[0,5],[2,4],[1,1]],[[1,5],[0,5],[2,1]],[[1,1],[2,1],[1,1],[2,3],[1,2],[2,1]],[]]
State:[[[0,5],[2,4],[1,1]],[[1,4],[0,5],[2,1]],[[1,2],[2,1],[1,1],[2,3],[1,2],[2,1]],[]] Action:(0, 3, 1) New State:[[[0,4],[2,4],[1,1]],[[1,4],[0,5],[2,1]],[[1,2],[2,1],[1,1],[2,3],[1,2],[2,1]],[[0,1]]]
State:[[[0,5],[2,4],[1,1]],[[1,4],[0,5],[2,1]],[[1,2],[2,1],[1,1],[2,3],[1,2],[2,1]],[]] Action:(1, 2, 2) New State:[[[0,5],[2,4],[1,1]],[[1,2],[0,5],[2,1]],[[1,4],[2,1],[1,1],[2,3],[1,2],[2,1]],[]]
State:[[[0,5],[2,4],[1,1]],[[1,4],[0,5],[2,1]],[[1,2],[2,1],[1,1],[2,3],[1,2],[2,1]],[]] Action:(1, 3, 7) New State:[[[0,5],[2,4],[1,1]],[[0,2],[2,1]],[[1,2],[2,1],[1,1],[2,3],[1,2],[2,1]],[[0,3],[1,4]]]
State:[[[0,5],[2,4],[1,1]],[[1,4],[0,5],[2,1]],[[1,2],[2,1],[1,1],[2,3],[1,2],[2,1]],[]] Action:(0, 3, 4) New State:[[[0,1],[2,4],[1,1]],[[1,4],[0,5],[2,1]],[[1,2],[2,1],[1,1],[2,3],[1,2],[2,1]],[[0,4]]]
State:[[[0,5],[2,4],[1,1]],[[1,4],[0,5],[2,1]],[[1,2],[2,1],[1,1],[2,3],[1,2],[2,1]],[]] Action:(1, 3, 9) New State:[[[0,5],[2,4],[1,1]],[[2,1]],[[1,2],[2,1],[1,1],[2,3],[1,2],[2,1]],[[0,5],[1,4]]]
State:[[[0,5],[2,4],[1,1]],[[1,4],[0,5],[2,1]],[[1,2],[2,1],[1,1],[2,3],[1,2],[2,1]],[]] Action:(2, 3, 10) New State:[[[0,5],[2,4],[1,1]],[[1,4],[0,5],[2,1]],[],[[2,1],[1,2],[2,3],[1,1],[2,1],[1,2]]]
State:[[[0,5],[2,4],[1,1]],[[1,4],[0,5],[2,1]],[[1,2],[2,1],[1,1],[2,3],[1,2],[2,1]],[]] Action:(1, 3, 4) New State:[[[0,5],[2,4],[1,1]],[[0,5],[2,1]],[[1,2],[2,1],[1,1],[2,3],[1,2],[2,1]],[[1,4]]]
State:[[[1,6],[2,1],[0,2],[1,1]],[[1,2],[2,4],[1,1],[0,2],[2,1]],[[2,4],[0,6]],[]] Action:(2, 3, 10) New State:[[[1,6],[2,1],[0,2],[1,1]],[[1,2],[2,4],[1,1],[0,2],[2,1]],[],[[0,6],[2,4]]]
State:[[[1,6],[2,1],[0,2],[1,1]],[[1,2],[2,4],[1,1],[0,2],[2,1]],[[2,4],[0,6]],[]] Action:(0, 3, 4) New State:[[[1,2],[2,1],[0,2],[1,1]],[[1,2],[2,4],[1,1],[0,2],[2,1]],[[2,4],[0,6]],[[1,4]]]
State:[[[1,6],[2,1],[0,2],[1,1]],[[1,2],[2,4],[1,1],[0,2],[2,1]],[[2,4],[0,6]],[]] Action:(1, 3, 8) New State:[[[1,6],[2,1],[0,2],[1,1]],[[0,1],[2,1]],[[2,4],[0,6]],[[0,1],[1,1],[2,4],[1,2]]]
State:[[[1,6],[2,1],[0,2],[1,1]],[[1,2],[2,4],[1,1],[0,2],[2,1]],[[2,4],[0,6]],[]] Action:(0, 3, 6) New State:[[[2,1],[0,2],[1,1]],[[1,2],[2,4],[1,1],[0,2],[2,1]],[[2,4],[0,6]],[[1,6]]]
State:[[[1,6],[2,1],[0,2],[1,1]],[[1,2],[2,4],[1,1],[0,2],[2,1]],[[2,4],[0,6]],[]] Action:(1, 3, 7) New State:[[[1,6],[2,1],[0,2],[1,1]],[[0,2],[2,1]],[[2,4],[0,6]],[[1,1],[2,4],[1,2]]]
State:[[[1,6],[2,1],[0,2],[1,1]],[[1,2],[2,4],[1,1],[0,2],[2,1]],[[2,4],[0,6]],[]] Action:(1, 0, 1) New State:[[[1,7],[2,1],[0,2],[1,1]],[[1,1],[2,4],[1,1],[0,2],[2,1]],[[2,4],[0,6]],[]]
State:[[[1,6],[2,1],[0,2],[1,1]],[[1,2],[2,4],[1,1],[0,2],[2,1]],[[2,4],[0,6]],[]] Action:(2, 3, 10) New State:[[[1,6],[2,1],[0,2],[1,1]],[[1,2],[2,4],[1,1],[0,2],[2,1]],[],[[0,6],[2,4]]]
State:[[[1,6],[2,1],[0,2],[1,1]],[[1,2],[2,4],[1,1],[0,2],[2,1]],[[2,4],[0,6]],[]] Action:(1, 3, 8) New State:[[[1,6],[2,1],[0,2],[1,1]],[[0,1],[2,1]],[[2,4],[0,6]],[[0,1],[1,1],[2,4],[1,2]]]
State:[[[1,6],[2,1],[0,2],[1,1]],[[1,2],[2,4],[1,1],[0,2],[2,1]],[[2,4],[0,6]],[]] Action:(2, 3, 8) New State:[[[1,6],[2,1],[0,2],[1,1]],[[1,2],[2,4],[1,1],[0,2],[2,1]],[[0,2]],[[0,4],[2,4]]]
State:[[[1,6],[2,1],[0,2],[1,1]],[[1,2],[2,4],[1,1],[0,2],[2,1]],[[2,4],[0,6]],[]] Action:(1, 0, 2) New State:[[[1,8],[2,1],[0,2],[1,1]],[[2,4],[1,1],[0,2],[2,1]],[[2,4],[0,6]],[]]
State:[[[1,6],[2,1],[0,2],[1,1]],[[1,2],[2,4],[1,1],[0,2],[2,1]],[[2,4],[0,6]],[]] Action:(2, 3, 4) New State:[[[1,6],[2,1],[0,2],[1,1]],[[1,2],[2,4],[1,1],[0,2],[2,1]],[[0,6]],[[2,4]]]
State:[[[1,6],[2,1],[0,2],[1,1]],[[1,2],[2,4],[1,1],[0,2],[2,1]],[[2,4],[0,6]],[]] Action:(1, 3, 5) New State:[[[1,6],[2,1],[0,2],[1,1]],[[2,1],[1,1],[0,2],[2,1]],[[2,4],[0,6]],[[2,3],[1,2]]]
State:[[[1,6],[2,1],[0,2],[1,1]],[[1,2],[2,4],[1,1],[0,2],[2,1]],[[2,4],[0,6]],[]] Action:(1, 3, 10) New State:[[[1,6],[2,1],[0,2],[1,1]],[],[[2,4],[0,6]],[[2,1],[0,2],[1,1],[2,4],[1,2]]]
State:[[[1,6],[2,1],[0,2],[1,1]],[[1,2],[2,4],[1,1],[0,2],[2,1]],[[2,4],[0,6]],[]] Action:(0, 3, 8) New State:[[[0,1],[1,1]],[[1,2],[2,4],[1,1],[0,2],[2,1]],[[2,4],[0,6]],[[0,1],[2,1],[1,6]]]
State:[[[1,6],[2,1],[0,2],[1,1]],[[1,2],[2,4],[1,1],[0,2],[2,1]],[[2,4],[0,6]],[]] Action:(1, 3, 7) New State:[[[1,6],[2,1],[0,2],[1,1]],[[0,2],[2,1]],[[2,4],[0,6]],[[1,1],[2,4],[1,2]]]
State:[[[1,6],[2,1],[0,2],[1,1]],[[1,2],[2,4],[1,1],[0,2],[2,1]],[[2,4],[0,6]],[]] Action:(1, 3, 4) New State:[[[1,6],[2,1],[0,2],[1,1]],[[2,2],[1,1],[0,2],[2,1]],[[2,4],[0,6]],[[2,2],[1,2]]]
State:[[[2,6],[1,4]],[[1,3],[0,2],[2,1],[0,3],[1,1]],[[0,3],[1,1],[0,1],[2,2],[1,1],[2,1],[0,1]],[],[]] Action:(0, 3, 3) New State:[[[2,3],[1,4]],[[1,3],[0,2],[2,1],[0,3],[1,1]],[[0,3],[1,1],[0,1],[2,2],[1,1],[2,1],[0,1]],[[2,3]],[]]
State:[[[2,6],[1,4]],[[1,3],[0,2],[2,1],[0,3],[1,1]],[[0,3],[1,1],[0,1],[2,2],[1,1],[2,1],[0,1]],[],[]] Action:(1, 3, 1) New State:[[[2,6],[1,4]],[[1,2],[0,2],[2,1],[0,3],[1,1]],[[0,3],[1,1],[0,1],[2,2],[1,1],[2,1],[0,1]],[[1,1]],[]]
State:[[[2,6],[1,4]],[[1,3],[0,2],[2,1],[0,3],[1,1]],[[0,3],[1,1],[0,1],[2,2],[1,1],[2,1],[0,1]],[],[]] Action:(0, 3, 7) New State:[[[1,3]],[[1,3],[0,2],[2,1],[0,3],[1,1]],[[0,3],[1,1],[0,1],[2,2],[1,1],[2,1],[0,1]],[[1,1],[2,6]],[]]
State:[[[2,6],[1,4]],[[1,3],[0,2],[2,1],[0,3],[1,1]],[[0,3],[1,1],[0,1],[2,2],[1,1],[2,1],[0,1]],[],[]] Action:(2, 3, 2) New State:[[[2,6],[1,4]],[[1,3],[0,2],[2,1],[0,3],[1,1]],[[0,1],[1,1],[0,1],[2,2],[1,1],[2,1],[0,1]],[[0,2]],[]]
State:[[[2,6],[1,4]],[[1,3],[0,2],[2,1],[0,3],[1,1]],[[0,3],[1,1],[0,1],[2,2],[1,1],[2,1],[0,1]],[],[]] Action:(0, 3, 1) New State:[[[2,5],[1,4]],[[1,3],[0,2],[2,1],[0,3],[1,1]],[[0,3],[1,1],[0,1],[2,2],[1,1],[2,1],[0,1]],[[2,1]],[]]
State:[[[2,6],[1,4]],[[1,3],[0,2],[2,1],[0,3],[1,1]],[[0,3],[1,1],[0,1],[2,2],[1,1],[2,1],[0,1]],[],[]] Action:(1, 4, 5) New State:[[[2,6],[1,4]],[[2,1],[0,3],[1,1]],[[0,3],[1,1],[0,1],[2,2],[1,1],[2,1],[0,1]],[],[[0,2],[1,3]]]
State:[[[2,6],[1,4]],[[1,3],[0,2],[2,1],[0,3],[1,1]],[[0,3],[1,1],[0,1],[2,2],[1,1],[2,1],[0,1]],[],[]] Action:(1, 3, 1) New State:[[[2,6],[1,4]],[[1,2],[0,2],[2,1],[0,3],[1,1]],[[0,3],[1,1],[0,1],[2,2],[1,1],[2,1],[0,1]],[[1,1]],[]]
State:[[[2,6],[1,4]],[[1,3],[0,2],[2,1],[0,3],[1,1]],[[0,3],[1,1],[0,1],[2,2],[1,1],[2,1],[0,1]],[],[]] Action:(1, 4, 6) New State:[[[2,6],[1,4]],[[0,3],[1,1]],[[0,3],[1,1],[0,1],[2,2],[1,1],[2,1],[0,1]],[],[[2,1],[0,2],[1,3]]]
State:[[[2,6],[1,4]],[[1,3],[0,2],[2,1],[0,3],[1,1]],[[0,3],[1,1],[0,1],[2,2],[1,1],[2,1],[0,1]],[],[]] Action:(2, 3, 10) New State:[[[2,6],[1,4]],[[1,3],[0,2],[2,1],[0,3],[1,1]],[],[[0,1],[2,1],[1,1],[2,2],[0,1],[1,1],[0,3]],[]]
State:[[[2,6],[1,4]],[[1,3],[0,2],[2,1],[0,3],[1,1]],[[0,3],[1,1],[0,1],[2,2],[1,1],[2,1],[0,1]],[],[]] Action:(0, 3, 1) New State:[[[2,5],[1,4]],[[1,3],[0,2],[2,1],[0,3],[1,1]],[[0,3],[1,1],[0,1],[2,2],[1,1],[2,1],[0,1]],[[2,1]],[]]
State:[[[2,6],[1,4]],[[1,3],[0,2],[2,1],[0,3],[1,1]],[[0,3],[1,1],[0,1],[2,2],[1,1],[2,1],[0,1]],[],[]] Action:(0, 4, 1) New State:[[[2,5],[1,4]],[[1,3],[0,2],[2,1],[0,3],[1,1]],[[0,3],[1,1],[0,1],[2,2],[1,1],[2,1],[0,1]],[],[[2,1]]]
State:[[[2,6],[1,4]],[[1,3],[0,2],[2,1],[0,3],[1,1]],[[0,3],[1,1],[0,1],[2,2],[1,1],[2,1],[0,1]],[],[]] Action:(1, 3, 5) New State:[[[2,6],[1,4]],[[2,1],[0,3],[1,1]],[[0,3],[1,1],[0,1],[2,2],[1,1],[2,1],[0,1]],[[0,2],[1,3]],[]]
State:[[[2,6],[1,4]],[[1,3],[0,2],[2,1],[0,3],[1,1]],[[0,3],[1,1],[0,1],[2,2],[1,1],[2,1],[0,1]],[],[]] Action:(0, 3, 8) New State:[[[1,2]],[[1,3],[0,2],[2,1],[0,3],[1,1]],[[0,3],[1,1],[0,1],[2,2],[1,1],[2,1],[0,1]],[[1,2],[2,6]],[]]
State:[[[2,6],[1,4]],[[1,3],[0,2],[2,1],[0,3],[1,1]],[[0,3],[1,1],[0,1],[2,2],[1,1],[2,1],[0,1]],[],[]] Action:(0, 3, 1) New State:[[[2,5],[1,4]],[[1,3],[0,2],[2,1],[0,3],[1,1]],[[0,3],[1,1],[0,1],[2,2],[1,1],[2,1],[0,1]],[[2,1]],[]]
State:[[[2,6],[1,4]],[[1,3],[0,2],[2,1],[0,3],[1,1]],[[0,3],[1,1],[0,1],[2,2],[1,1],[2,1],[0,1]],[],[]] Action:(1, 4, 10) New State:[[[2,6],[1,4]],[],[[0,3],[1,1],[0,1],[2,2],[1,1],[2,1],[0,1]],[],[[1,1],[0,3],[2,1],[0,2],[1,3]]]
State:[[[2,6],[1,4]],[[1,3],[0,2],[2,1],[0,3],[1,1]],[[0,3],[1,1],[0,1],[2,2],[1,1],[2,1],[0,1]],[],[]] Action:(1, 3, 7) New State:[[[2,6],[1,4]],[[0,2],[1,1]],[[0,3],[1,1],[0,1],[2,2],[1,1],[2,1],[0,1]],[[0,1],[2,1],[0,2],[1,3]],[]]
State:[[[2,6],[1,4]],[[1,3],[0,2],[2,1],[0,3],[1,1]],[[0,3],[1,1],[0,1],[2,2],[1,1],[2,1],[0,1]],[],[]] Action:(0, 3, 2) New State:[[[2,4],[1,4]],[[1,3],[0,2],[2,1],[0,3],[1,1]],[[0,3],[1,1],[0,1],[2,2],[1,1],[2,1],[0,1]],[[2,2]],[]]
State:[[[2,6],[1,4]],[[1,3],[0,2],[2,1],[0,3],[1,1]],[[0,3],[1,1],[0,1],[2,2],[1,1],[2,1],[0,1]],[],[]] Action:(1, 4, 2) New State:[[[2,6],[1,4]],[[1,1],[0,2],[2,1],[0,3],[1,1]],[[0,3],[1,1],[0,1],[2,2],[1,1],[2,1],[0,1]],[],[[1,2]]]
State:[[[2,6],[0,4]],[[2,3],[1,7]],[[2,1],[1,2],[0,4],[1,1],[0,2]],[],[]] Action:(0, 4, 5) New State:[[[2,1],[0,4]],[[2,3],[1,7]],[[2,1],[1,2],[0,4],[1,1],[0,2]],[],[[2,5]]]
State:[[[2,6],[0,4]],[[2,3],[1,7]],[[2,1],[1,2],[0,4],[1,1],[0,2]],[],[]] Action:(1, 4, 1) New State:[[[2,6],[0,4]],[[2,2],[1,7]],[[2,1],[1,2],[0,4],[1,1],[0,2]],[],[[2,1]]]
State:[[[2,6],[0,4]],[[2,3],[1,7]],[[2,1],[1,2],[0,4],[1,1],[0,2]],[],[]] Action:(2, 4, 7) New State:[[[2,6],[0,4]],[[2,3],[1,7]],[[1,1],[0,2]],[],[[0,4],[1,2],[2,1]]]
State:[[[2,6],[0,4]],[[2,3],[1,7]],[[2,1],[1,2],[0,4],[1,1],[0,2]],[],[]] Action:(0, 2, 2) New State:[[[2,4],[0,4]],[[2,3],[1,7]],[[2,3],[1,2],[0,4],[1,1],[0,2]],[],[]]
State:[[[2,6],[0,4]],[[2,3],[1,7]],[[2,1],[1,2],[0,4],[1,1],[0,2]],[],[]] Action:(0, 4, 9) New State:[[[0,1]],[[2,3],[1,7]],[[2,1],[1,2],[0,4],[1,1],[0,2]],[],[[0,3],[2,6]]]
State:[[[2,6],[0,4]],[[2,3],[1,7]],[[2,1],[1,2],[0,4],[1,1],[0,2]],[],[]] Action:(0, 4, 8) New State:[[[0,2]],[[2,3],[1,7]],[[2,1],[1,2],[0,4],[1,1],[0,2]],[],[[0,2],[2,6]]]
State:[[[2,6],[0,4]],[[2,3],[1,7]],[[2,1],[1,2],[0,4],[1,1],[0,2]],[],[]] Action:(1, 2, 3) New State:[[[2,6],[0,4]],[[1,7]],[[2,4],[1,2],[0,4],[1,1],[0,2]],[],[]]
State:[[[2,6],[0,4]],[[2,3],[1,7]],[[2,1],[1,2],[0,4],[1,1],[0,2]],[],[]] Action:(0, 4, 9) New State:[[[0,1]],[[2,3],[1,7]],[[2,1],[1,2],[0,4],[1,1],[0,2]],[],[[0,3],[2,6]]]
State:[[[2,6],[0,4]],[[2,3],[1,7]],[[2,1],[1,2],[0,4],[1,1],[0,2]],[],[]] Action:(1, 4, 7) New State:[[[2,6],[0,4]],[[1,3]],[[2,1],[1,2],[0,4],[1,1],[0,2]],[],[[1,4],[2,3]]]
State:[[[2,6],[0,4]],[[2,3],[1,7]],[[2,1],[1,2],[0,4],[1,1],[0,2]],[],[]] Action:(1, 2, 2) New State:[[[2,6],[0,4]],[[2,1],[1,7]],[[2,3],[1,2],[0,4],[1,1],[0,2]],[],[]]
State:[[[2,6],[0,4]],[[2,3],[1,7]],[[2,1],[1,2],[0,4],[1,1],[0,2]],[],[]] Action:(0, 4, 7) New State:[[[0,3]],[[2,3],[1,7]],[[2,1],[1,2],[0,4],[1,1],[0,2]],[],[[0,1],[2,6]]]
State:[[[2,6],[0,4]],[[2,3],[1,7]],[[2,1],[1,2],[0,4],[1,1],[0,2]],[],[]] Action:(1, 4, 1) New State:[[[2,6],[0,4]],[[2,2],[1,7]],[[2,1],[1,2],[0,4],[1,1],[0,2]],[],[[2,1]]]
State:[[[2,6],[0,4]],[[2,3],[1,7]],[[2,1],[1,2],[0,4],[1,1],[0,2]],[],[]] Action:(1, 4, 2) New State:[[[2,6],[0,4]],[[2,1],[1,7]],[[2,1],[1,2],[0,4],[1,1],[0,2]],[],[[2,2]]]
State:[[[2,6],[0,4]],[[2,3],[1,7]],[[2,1],[1,2],[0,4],[1,1],[0,2]],[],[]] Action:(0, 4, 8) New State:[[[0,2]],[[2,3],[1,7]],[[2,1],[1,2],[0,4],[1,1],[0,2]],[],[[0,2],[2,6]]]
State:[[[2,6],[0,4]],[[2,3],[1,7]],[[2,1],[1,2],[0,4],[1,1],[0,2]],[],[]] Action:(2, 0, 1) New State:[[[2,7],[0,4]],[[2,3],[1,7]],[[1,2],[0,4],[1,1],[0,2]],[],[]]
State:[[[2,6],[0,4]],[[2,3],[1,7]],[[2,1],[1,2],[0,4],[1,1],[0,2]],[],[]] Action:(1, 0, 3) New State:[[[2,9],[0,4]],[[1,7]],[[2,1],[1,2],[0,4],[1,1],[0,2]],[],[]]
State:[[[2,6],[0,4]],[[2,3],[1,7]],[[2,1],[1,2],[0,4],[1,1],[0,2]],[],[]] Action:(1, 2, 3) New State:[[[2,6],[0,4]],[[1,7]],[[2,4],[1,2],[0,4],[1,1],[0,2]],[],[]]
State:[[[2,6],[0,4]],[[2,3],[1,7]],[[2,1],[1,2],[0,4],[1,1],[0,2]],[],[]] Action:(2, 3, 10) New State:[[[2,6],[0,4]],[[2,3],[1,7]],[],[[0,2],[1,1],[0,4],[1,2],[2,1]],[]]
State:[[[2,6],[0,4]],[[2,3],[1,7]],[[2,1],[1,2],[0,4],[1,1],[0,2]],[],[]] Action:(0, 1, 1) New State:[[[2,5],[0,4]],[[2,4],[1,7]],[[2,1],[1,2],[0,4],[1,1],[0,2]],[],[]]
State:[[[2,6],[0,4]],[[2,3],[1,7]],[[2,1],[1,2],[0,4],[1,1],[0,2]],[],[]] Action:(1, 4, 5) New State:[[[2,6],[0,4]],[[1,5]],[[2,1],[1,2],[0,4],[1,1],[0,2]],[],[[1,2],[2,3]]]
State:[[[2,6],[0,4]],[[2,3],[1,7]],[[2,1],[1,2],[0,4],[1,1],[0,2]],[],[]] Action:(1, 2, 3) New State:[[[2,6],[0,4]],[[1,7]],[[2,4],[1,2],[0,4],[1,1],[0,2]],[],[]]
State:[[[2,6],[0,4]],[[2,3],[1,7]],[[2,1],[1,2],[0,4],[1,1],[0,2]],[],[]] Action:(1, 3, 1) New State:[[[2,6],[0,4]],[[2,2],[1,7]],[[2,1],[1,2],[0,4],[1,1],[0,2]],[[2,1]],[]]
State:[[[2,6],[0,4]],[[2,3],[1,7]],[[2,1],[1,2],[0,4],[1,1],[0,2]],[],[]] Action:(0, 1, 2) New State:[[[2,4],[0,4]],[[2,5],[1,7]],[[2,1],[1,2],[0,4],[1,1],[0,2]],[],[]]
State:[[[2,6],[0,4]],[[2,3],[1,7]],[[2,1],[1,2],[0,4],[1,1],[0,2]],[],[]] Action:(2, 1, 2) New State:[[[2,6],[0,4]],[[1,1],[2,4],[1,7]],[[1,1],[0,4],[1,1],[0,2]],[],[]]
State:[[[2,6],[0,4]],[[2,3],[1,7]],[[2,1],[1,2],[0,4],[1,1],[0,2]],[],[]] Action:(1, 4, 8) New State:[[[2,6],[0,4]],[[1,2]],[[2,1],[1,2],[0,4],[1,1],[0,2]],[],[[1,5],[2,3]]]
State:[[[2,6],[0,4]],[[2,3],[1,7]],[[2,1],[1,2],[0,4],[1,1],[0,2]],[],[]] Action:(0, 3, 10) New State:[[],[[2,3],[1,7]],[[2,1],[1,2],[0,4],[1,1],[0,2]],[[0,4],[2,6]],[]]
State:[[[2,6],[0,4]],[[2,3],[1,7]],[[2,1],[1,2],[0,4],[1,1],[0,2]],[],[]] Action:(0, 4, 1) New State:[[[2,5],[0,4]],[[2,3],[1,7]],[[2,1],[1,2],[0,4],[1,1],[0,2]],[],[[2,1]]]
State:[[[2,6],[0,4]],[[2,3],[1,7]],[[2,1],[1,2],[0,4],[1,1],[0,2]],[],[]] Action:(1, 3, 6) New State:[[[2,6],[0,4]],[[1,4]],[[2,1],[1,2],[0,4],[1,1],[0,2]],[[1,3],[2,3]],[]]
State:[[[2,6],[0,4]],[[2,3],[1,7]],[[2,1],[1,2],[0,4],[1,1],[0,2]],[],[]] Action:(0, 4, 8) New State:[[[0,2]],[[2,3],[1,7]],[[2,1],[1,2],[0,4],[1,1],[0,2]],[],[[0,2],[2,6]]]
State:[[[2,6],[0,4]],[[2,3],[1,7]],[[2,1],[1,2],[0,4],[1,1],[0,2]],[],[]] Action:(0, 3, 7) New State:[[[0,3]],[[2,3],[1,7]],[[2,1],[1,2],[0,4],[1,1],[0,2]],[[0,1],[2,6]],[]]
State:[[[2,6],[0,4]],[[2,3],[1,7]],[[2,1],[1,2],[0,4],[1,1],[0,2]],[],[]] Action:(2, 4, 7) New State:[[[2,6],[0,4]],[[2,3],[1,7]],[[1,1],[0,2]],[],[[0,4],[1,2],[2,1]]]
State:[[[2,6],[0,4]],[[2,3],[1,7]],[[2,1],[1,2],[0,4],[1,1],[0,2]],[],[]] Action:(0, 4, 1) New State:[[[2,5],[0,4]],[[2,3],[1,7]],[[2,1],[1,2],[0,4],[1,1],[0,2]],[],[[2,1]]]
State:[[[2,6],[0,4]],[[2,3],[1,7]],[[2,1],[1,2],[0,4],[1,1],[0,2]],[],[]] Action:(0, 1, 1) New State:[[[2,5],[0,4]],[[2,4],[1,7]],[[2,1],[1,2],[0,4],[1,1],[0,2]],[],[]]
State:[[[0,6],[1,4]],[[1,5],[3,1],[0,1],[3,1],[0,2]],[[2,1],[0,1],[2,4],[3,3],[2,1]],[[2,3],[3,4],[2,1],[1,1],[3,1]],[],[]] Action:(1, 5, 8) New State:[[[0,6],[1,4]],[[0,2]],[[2,1],[0,1],[2,4],[3,3],[2,1]],[[2,3],[3,4],[2,1],[1,1],[3,1]],[],[[3,1],[0,1],[3,1],[1,5]]]
State:[[[0,6],[1,4]],[[1,5],[3,1],[0,1],[3,1],[0,2]],[[2,1],[0,1],[2,4],[3,3],[2,1]],[[2,3],[3,4],[2,1],[1,1],[3,1]],[],[]] Action:(2, 3, 3) New State:[[[0,6],[1,4]],[[1,5],[3,1],[0,1],[3,1],[0,2]],[[2,3],[3,3],[2,1]],[[2,1],[0,1],[2,4],[3,4],[2,1],[1,1],[3,1]],[],[]]
State:[[[0,6],[1,4]],[[1,5],[3,1],[0,1],[3,1],[0,2]],[[2,1],[0,1],[2,4],[3,3],[2,1]],[[2,3],[3,4],[2,1],[1,1],[3,1]],[],[]] Action:(1, 4, 1) New State:[[[0,6],[1,4]],[[1,4],[3,1],[0,1],[3,1],[0,2]],[[2,1],[0,1],[2,4],[3,3],[2,1]],[[2,3],[3,4],[2,1],[1,1],[3,1]],[[1,1]],[]]
State:[[[0,6],[1,4]],[[1,5],[3,1],[0,1],[3,1],[0,2]],[[2,1],[0,1],[2,4],[3,3],[2,1]],[[2,3],[3,4],[2,1],[1,1],[3,1]],[],[]] Action:(1, 5, 5) New State:[[[0,6],[1,4]],[[3,1],[0,1],[3,1],[0,2]],[[2,1],[0,1],[2,4],[3,3],[2,1]],[[2,3],[3,4],[2,1],[1,1],[3,1]],[],[[1,5]]]
State:[[[0,6],[1,4]],[[1,5],[3,1],[0,1],[3,1],[0,2]],[[2,1],[0,1],[2,4],[3,3],[2,1]],[[2,3],[3,4],[2,1],[1,1],[3,1]],[],[]] Action:(2, 3, 3) New State:[[[0,6],[1,4]],[[1,5],[3,1],[0,1],[3,1],[0,2]],[[2,3],[3,3],[2,1]],[[2,1],[0,1],[2,4],[3,4],[2,1],[1,1],[3,1]],[],[]]
State:[[[0,6],[1,4]],[[1,5],[3,1],[0,1],[3,1],[0,2]],[[2,1],[0,1],[2,4],[3,3],[2,1]],[[2,3],[3,4],[2,1],[1,1],[3,1]],[],[]] Action:(1, 4, 4) New State:[[[0,6],[1,4]],[[1,1],[3,1],[0,1],[3,1],[0,2]],[[2,1],[0,1],[2,4],[3,3],[2,1]],[[2,3],[3,4],[2,1],[1,1],[3,1]],[[1,4]],[]]
State:[[[0,6],[1,4]],[[1,5],[3,1],[0,1],[3,1],[0,2]],[[2,1],[0,1],[2,4],[3,3],[2,1]],[[2,3],[3,4],[2,1],[1,1],[3,1]],[],[]] Action:(2, 4, 7) New State:[[[0,6],[1,4]],[[1,5],[3,1],[0,1],[3,1],[0,2]],[[3,2],[2,1]],[[2,3],[3,4],[2,1],[1,1],[3,1]],[[3,1],[2,4],[0,1],[2,1]],[]]
State:[[[0,6],[1,4]],[[1,5],[3,1],[0,1],[3,1],[0,2]],[[2,1],[0,1],[2,4],[3,3],[2,1]],[[2,3],[3,4],[2,1],[1,1],[3,1]],[],[]] Action:(1, 4, 4) New State:[[[0,6],[1,4]],[[1,1],[3,1],[0,1],[3,1],[0,2]],[[2,1],[0,1],[2,4],[3,3],[2,1]],[[2,3],[3,4],[2,1],[1,1],[3,1]],[[1,4]],[]]
State:[[[0,6],[1,4]],[[1,5],[3,1],[0,1],[3,1],[0,2]],[[2,1],[0,1],[2,4],[3,3],[2,1]],[[2,3],[3,4],[2,1],[1,1],[3,1]],[],[]] Action:(3, 5, 8) New State:[[[0,6],[1,4]],[[1,5],[3,1],[0,1],[3,1],[0,2]],[[2,1],[0,1],[2,4],[3,3],[2,1]],[[1,1],[3,1]],[],[[2,1],[3,4],[2,3]]]
State:[[[0,6],[1,4]],[[1,5],[3,1],[0,1],[3,1],[0,2]],[[2,1],[0,1],[2,4],[3,3],[2,1]],[[2,3],[3,4],[2,1],[1,1],[3,1]],[],[]] Action:(1, 5, 1) New State:[[[0,6],[1,4]],[[1,4],[3,1],[0,1],[3,1],[0,2]],[[2,1],[0,1],[2,4],[3,3],[2,1]],[[2,3],[3,4],[2,1],[1,1],[3,1]],[],[[1,1]]]
State:[[[0,6],[1,4]],[[1,5],[3,1],[0,1],[3,1],[0,2]],[[2,1],[0,1],[2,4],[3,3],[2,1]],[[2,3],[3,4],[2,1],[1,1],[3,1]],[],[]] Action:(2, 4, 2) New State:[[[0,6],[1,4]],[[1,5],[3,1],[0,1],[3,1],[0,2]],[[2,4],[3,3],[2,1]],[[2,3],[3,4],[2,1],[1,1],[3,1]],[[0,1],[2,1]],[]]
State:[[[0,6],[1,4]],[[1,5],[3,1],[0,1],[3,1],[0,2]],[[2,1],[0,1],[2,4],[3,3],[2,1]],[[2,3],[3,4],[2,1],[1,1],[3,1]],[],[]] Action:(0, 4, 7) New State:[[[1,3]],[[1,5],[3,1],[0,1],[3,1],[0,2]],[[2,1],[0,1],[2,4],[3,3],[2,1]],[[2,3],[3,4],[2,1],[1,1],[3,1]],[[1,1],[0,6]],[]]
State:[[[0,6],[1,4]],[[1,5],[3,1],[0,1],[3,1],[0,2]],[[2,1],[0,1],[2,4],[3,3],[2,1]],[[2,3],[3,4],[2,1],[1,1],[3,1]],[],[]] Action:(2, 4, 10) New State:[[[0,6],[1,4]],[[1,5],[3,1],[0,1],[3,1],[0,2]],[],[[2,3],[3,4],[2,1],[1,1],[3,1]],[[2,1],[3,3],[2,4],[0,1],[2,1]],[]]
State:[[[0,6],[1,4]],[[1,5],[3,1],[0,1],[3,1],[0,2]],[[2,1],[0,1],[2,4],[3,3],[2,1]],[[2,3],[3,4],[2,1],[1,1],[3,1]],[],[]] Action:(2, 5, 1) New State:[[[0,6],[1,4]],[[1,5],[3,1],[0,1],[3,1],[0,2]],[[0,1],[2,4],[3,3],[2,1]],[[2,3],[3,4],[2,1],[1,1],[3,1]],[],[[2,1]]]
State:[[[0,6],[1,4]],[[1,5],[3,1],[0,1],[3,1],[0,2]],[[2,1],[0,1],[2,4],[3,3],[2,1]],[[2,3],[3,4],[2,1],[1,1],[3,1]],[],[]] Action:(2, 3, 2) New State:[[[0,6],[1,4]],[[1,5],[3,1],[0,1],[3,1],[0,2]],[[2,4],[3,3],[2,1]],[[0,1],[2,4],[3,4],[2,1],[1,1],[3,1]],[],[]]
State:[[[0,6],[1,4]],[[1,5],[3,1],[0,1],[3,1],[0,2]],[[2,1],[0,1],[2,4],[3,3],[2,1]],[[2,3],[3,4],[2,1],[1,1],[3,1]],[],[]] Action:(1, 4, 5) New State:[[[0,6],[1,4]],[[3,1],[0,1],[3,1],[0,2]],[[2,1],[0,1],[2,4],[3,3],[2,1]],[[2,3],[3,4],[2,1],[1,1],[3,1]],[[1,5]],[]]
State:[[[0,6],[1,4]],[[1,5],[3,1],[0,1],[3,1],[0,2]],[[2,1],[0,1],[2,4],[3,3],[2,1]],[[2,3],[3,4],[2,1],[1,1],[3,1]],[],[]] Action:(0, 4, 3) New State:[[[0,3],[1,4]],[[1,5],[3,1],[0,1],[3,1],[0,2]],[[2,1],[0,1],[2,4],[3,3],[2,1]],[[2,3],[3,4],[2,1],[1,1],[3,1]],[[0,3]],[]]
State:[[[0,6],[1,4]],[[1,5],[3,1],[0,1],[3,1],[0,2]],[[2,1],[0,1],[2,4],[3,3],[2,1]],[[2,3],[3,4],[2,1],[1,1],[3,1]],[],[]] Action:(3, 4, 6) New State:[[[0,6],[1,4]],[[1,5],[3,1],[0,1],[3,1],[0,2]],[[2,1],[0,1],[2,4],[3,3],[2,1]],[[3,1],[2,1],[1,1],[3,1]],[[3,3],[2,3]],[]]
State:[[[0,6],[1,4]],[[1,5],[3,1],[0,1],[3,1],[0,2]],[[2,1],[0,1],[2,4],[3,3],[2,1]],[[2,3],[3,4],[2,1],[1,1],[3,1]],[],[]] Action:(2, 5, 7) New State:[[[0,6],[1,4]],[[1,5],[3,1],[0,1],[3,1],[0,2]],[[3,2],[2,1]],[[2,3],[3,4],[2,1],[1,1],[3,1]],[],[[3,1],[2,4],[0,1],[2,1]]]
State:[[[0,6],[1,4]],[[1,5],[3,1],[0,1],[3,1],[0,2]],[[2,1],[0,1],[2,4],[3,3],[2,1]],[[2,3],[3,4],[2,1],[1,1],[3,1]],[],[]] Action:(1, 5, 2) New State:[[[0,6],[1,4]],[[1,3],[3,1],[0,1],[3,1],[0,2]],[[2,1],[0,1],[2,4],[3,3],[2,1]],[[2,3],[3,4],[2,1],[1,1],[3,1]],[],[[1,2]]]
State:[[[0,6],[1,4]],[[1,5],[3,1],[0,1],[3,1],[0,2]],[[2,1],[0,1],[2,4],[3,3],[2,1]],[[2,3],[3,4],[2,1],[1,1],[3,1]],[],[]] Action:(1, 5, 8) New State:[[[0,6],[1,4]],[[0,2]],[[2,1],[0,1],[2,4],[3,3],[2,1]],[[2,3],[3,4],[2,1],[1,1],[3,1]],[],[[3,1],[0,1],[3,1],[1,5]]]
State:[[[0,6],[1,4]],[[1,5],[3,1],[0,1],[3,1],[0,2]],[[2,1],[0,1],[2,4],[3,3],[2,1]],[[2,3],[3,4],[2,1],[1,1],[3,1]],[],[]] Action:(3, 4, 6) New State:[[[0,6],[1,4]],[[1,5],[3,1],[0,1],[3,1],[0,2]],[[2,1],[0,1],[2,4],[3,3],[2,1]],[[3,1],[2,1],[1,1],[3,1]],[[3,3],[2,3]],[]]
State:[[[0,6],[1,4]],[[1,5],[3,1],[0,1],[3,1],[0,2]],[[2,1],[0,1],[2,4],[3,3],[2,1]],[[2,3],[3,4],[2,1],[1,1],[3,1]],[],[]] Action:(1, 5, 10) New State:[[[0,6],[1,4]],[],[[2,1],[0,1],[2,4],[3,3],[2,1]],[[2,3],[3,4],[2,1],[1,1],[3,1]],[],[[0,2],[3,1],[0,1],[3,1],[1,5]]]
State:[[[0,6],[1,4]],[[1,5],[3,1],[0,1],[3,1],[0,2]],[[2,1],[0,1],[2,4],[3,3],[2,1]],[[2,3],[3,4],[2,1],[1,1],[3,1]],[],[]] Action:(3, 5, 8) New State:[[[0,6],[1,4]],[[1,5],[3,1],[0,1],[3,1],[0,2]],[[2,1],[0,1],[2,4],[3,3],[2,1]],[[1,1],[3,1]],[],[[2,1],[3,4],[2,3]]]
State:[[[0,6],[1,4]],[[1,5],[3,1],[0,1],[3,1],[0,2]],[[2,1],[0,1],[2,4],[3,3],[2,1]],[[2,3],[3,4],[2,1],[1,1],[3,1]],[],[]] Action:(1, 4, 7) New State:[[[0,6],[1,4]],[[3,1],[0,2]],[[2,1],[0,1],[2,4],[3,3],[2,1]],[[2,3],[3,4],[2,1],[1,1],[3,1]],[[0,1],[3,1],[1,5]],[]]
State:[[[0,6],[1,4]],[[1,5],[3,1],[0,1],[3,1],[0,2]],[[2,1],[0,1],[2,4],[3,3],[2,1]],[[2,3],[3,4],[2,1],[1,1],[3,1]],[],[]] Action:(2, 5, 8) New State:[[[0,6],[1,4]],[[1,5],[3,1],[0,1],[3,1],[0,2]],[[3,1],[2,1]],[[2,3],[3,4],[2,1],[1,1],[3,1]],[],[[3,2],[2,4],[0,1],[2,1]]]
State:[[[0,6],[1,4]],[[1,5],[3,1],[0,1],[3,1],[0,2]],[[2,1],[0,1],[2,4],[3,3],[2,1]],[[2,3],[3,4],[2,1],[1,1],[3,1]],[],[]] Action:(0, 5, 10) New State:[[],[[1,5],[3,1],[0,1],[3,1],[0,2]],[[2,1],[0,1],[2,4],[3,3],[2,1]],[[2,3],[3,4],[2,1],[1,1],[3,1]],[],[[1,4],[0,6]]]
State:[[[0,6],[1,4]],[[1,5],[3,1],[0,1],[3,1],[0,2]],[[2,1],[0,1],[2,4],[3,3],[2,1]],[[2,3],[3,4],[2,1],[1,1],[3,1]],[],[]] Action:(0, 4, 6) New State:[[[1,4]],[[1,5],[3,1],[0,1],[3,1],[0,2]],[[2,1],[0,1],[2,4],[3,3],[2,1]],[[2,3],[3,4],[2,1],[1,1],[3,1]],[[0,6]],[]]
State:[[[0,6],[1,4]],[[1,5],[3,1],[0,1],[3,1],[0,2]],[[2,1],[0,1],[2,4],[3,3],[2,1]],[[2,3],[3,4],[2,1],[1,1],[3,1]],[],[]] Action:(1, 5, 2) New State:[[[0,6],[1,4]],[[1,3],[3,1],[0,1],[3,1],[0,2]],[[2,1],[0,1],[2,4],[3,3],[2,1]],[[2,3],[3,4],[2,1],[1,1],[3,1]],[],[[1,2]]]
State:[[[0,6],[1,4]],[[1,5],[3,1],[0,1],[3,1],[0,2]],[[2,1],[0,1],[2,4],[3,3],[2,1]],[[2,3],[3,4],[2,1],[1,1],[3,1]],[],[]] Action:(1, 5, 4) New State:[[[0,6],[1,4]],[[1,1],[3,1],[0,1],[3,1],[0,2]],[[2,1],[0,1],[2,4],[3,3],[2,1]],[[2,3],[3,4],[2,1],[1,1],[3,1]],[],[[1,4]]]
State:[[[0,6],[1,4]],[[1,5],[3,1],[0,1],[3,1],[0,2]],[[2,1],[0,1],[2,4],[3,3],[2,1]],[[2,3],[3,4],[2,1],[1,1],[3,1]],[],[]] Action:(2, 4, 5) New State:[[[0,6],[1,4]],[[1,5],[3,1],[0,1],[3,1],[0,2]],[[2,1],[3,3],[2,1]],[[2,3],[3,4],[2,1],[1,1],[3,1]],[[2,3],[0,1],[2,1]],[]]
State:[[[0,6],[1,4]],[[1,5],[3,1],[0,1],[3,1],[0,2]],[[2,1],[0,1],[2,4],[3,3],[2,1]],[[2,3],[3,4],[2,1],[1,1],[3,1]],[],[]] Action:(0, 4, 10) New State:[[],[[1,5],[3,1],[0,1],[3,1],[0,2]],[[2,1],[0,1],[2,4],[3,3],[2,1]],[[2,3],[3,4],[2,1],[1,1],[3,1]],[[1,4],[0,6]],[]]
State:[[[0,6],[1,4]],[[1,5],[3,1],[0,1],[3,1],[0,2]],[[2,1],[0,1],[2,4],[3,3],[2,1]],[[2,3],[3,4],[2,1],[1,1],[3,1]],[],[]] Action:(0, 4, 5) New State:[[[0,1],[1,4]],[[1,5],[3,1],[0,1],[3,1],[0,2]],[[2,1],[0,1],[2,4],[3,3],[2,1]],[[2,3],[3,4],[2,1],[1,1],[3,1]],[[0,5]],[]]
State:[[[0,6],[1,4]],[[1,5],[3,1],[0,1],[3,1],[0,2]],[[2,1],[0,1],[2,4],[3,3],[2,1]],[[2,3],[3,4],[2,1],[1,1],[3,1]],[],[]] Action:(3, 5, 7) New State:[[[0,6],[1,4]],[[1,5],[3,1],[0,1],[3,1],[0,2]],[[2,1],[0,1],[2,4],[3,3],[2,1]],[[2,1],[1,1],[3,1]],[],[[3,4],[2,3]]]
State:[[[0,6],[1,4]],[[1,5],[3,1],[0,1],[3,1],[0,2]],[[2,1],[0,1],[2,4],[3,3],[2,1]],[[2,3],[3,4],[2,1],[1,1],[3,1]],[],[]] Action:(0, 5, 8) New State:[[[1,2]],[[1,5],[3,1],[0,1],[3,1],[0,2]],[[2,1],[0,1],[2,4],[3,3],[2,1]],[[2,3],[3,4],[2,1],[1,1],[3,1]],[],[[1,2],[0,6]]]
State:[[[0,6],[1,4]],[[1,5],[3,1],[0,1],[3,1],[0,2]],[[2,1],[0,1],[2,4],[3,3],[2,1]],[[2,3],[3,4],[2,1],[1,1],[3,1]],[],[]] Action:(1, 4, 8) New State:[[[0,6],[1,4]],[[0,2]],[[2,1],[0,1],[2,4],[3,3],[2,1]],[[2,3],[3,4],[2,1],[1,1],[3,1]],[[3,1],[0,1],[3,1],[1,5]],[]]
State:[[[0,6],[1,4]],[[1,5],[3,1],[0,1],[3,1],[0,2]],[[2,1],[0,1],[2,4],[3,3],[2,1]],[[2,3],[3,4],[2,1],[1,1],[3,1]],[],[]] Action:(3, 4, 3) New State:[[[0,6],[1,4]],[[1,5],[3,1],[0,1],[3,1],[0,2]],[[2,1],[0,1],[2,4],[3,3],[2,1]],[[3,4],[2,1],[1,1],[3,1]],[[2,3]],[]]
State:[[[0,6],[1,4]],[[1,5],[3,1],[0,1],[3,1],[0,2]],[[2,1],[0,1],[2,4],[3,3],[2,1]],[[2,3],[3,4],[2,1],[1,1],[3,1]],[],[]] Action:(1, 4, 8) New State:[[[0,6],[1,4]],[[0,2]],[[2,1],[0,1],[2,4],[3,3],[2,1]],[[2,3],[3,4],[2,1],[1,1],[3,1]],[[3,1],[0,1],[3,1],[1,5]],[]]
State:[[[0,6],[1,4]],[[1,5],[3,1],[0,1],[3,1],[0,2]],[[2,1],[0,1],[2,4],[3,3],[2,1]],[[2,3],[3,4],[2,1],[1,1],[3,1]],[],[]] Action:(3, 2, 3) New State:[[[0,6],[1,4]],[[1,5],[3,1],[0,1],[3,1],[0,2]],[[2,4],[0,1],[2,4],[3,3],[2,1]],[[3,4],[2,1],[1,1],[3,1]],[],[]]
State:[[[0,6],[1,4]],[[1,5],[3,1],[0,1],[3,1],[0,2]],[[2,1],[0,1],[2,4],[3,3],[2,1]],[[2,3],[3,4],[2,1],[1,1],[3,1]],[],[]] Action:(0, 4, 4) New State:[[[0,2],[1,4]],[[1,5],[3,1],[0,1],[3,1],[0,2]],[[2,1],[0,1],[2,4],[3,3],[2,1]],[[2,3],[3,4],[2,1],[1,1],[3,1]],[[0,4]],[]]
State:[[[0,6],[1,4]],[[1,5],[3,1],[0,1],[3,1],[0,2]],[[2,1],[0,1],[2,4],[3,3],[2,1]],[[2,3],[3,4],[2,1],[1,1],[3,1]],[],[]] Action:(3, 5, 1) New State:[[[0,6],[1,4]],[[1,5],[3,1],[0,1],[3,1],[0,2]],[[2,1],[0,1],[2,4],[3,3],[2,1]],[[2,2],[3,4],[2,1],[1,1],[3,1]],[],[[2,1]]]
State:[[[0,1],[2,1],[3,3],[4,3],[0,1],[4,1]],[[3,4],[1,6]],[[2,8],[4,1],[1,1]],[[3,3],[1,1],[0,2],[4,2],[1,2]],[[4,2],[0,4],[2,1],[0,2],[4,1]],[]] Action:(1, 3, 2) New State:[[[0,1],[2,1],[3,3],[4,3],[0,1],[4,1]],[[3,2],[1,6]],[[2,8],[4,1],[1,1]],[[3,5],[1,1],[0,2],[4,2],[1,2]],[[4,2],[0,4],[2,1],[0,2],[4,1]],[]]
State:[[[0,1],[2,1],[3,3],[4,3],[0,1],[4,1]],[[3,4],[1,6]],[[2,8],[4,1],[1,1]],[[3,3],[1,1],[0,2],[4,2],[1,2]],[[4,2],[0,4],[2,1],[0,2],[4,1]],[]] Action:(0, 5, 9) New State:[[[4,1]],[[3,4],[1,6]],[[2,8],[4,1],[1,1]],[[3,3],[1,1],[0,2],[4,2],[1,2]],[[4,2],[0,4],[2,1],[0,2],[4,1]],[[0,1],[4,3],[3,3],[2,1],[0,1]]]
State:[[[0,1],[2,1],[3,3],[4,3],[0,1],[4,1]],[[3,4],[1,6]],[[2,8],[4,1],[1,1]],[[3,3],[1,1],[0,2],[4,2],[1,2]],[[4,2],[0,4],[2,1],[0,2],[4,1]],[]] Action:(1, 5, 9) New State:[[[0,1],[2,1],[3,3],[4,3],[0,1],[4,1]],[[1,1]],[[2,8],[4,1],[1,1]],[[3,3],[1,1],[0,2],[4,2],[1,2]],[[4,2],[0,4],[2,1],[0,2],[4,1]],[[1,5],[3,4]]]
State:[[[0,1],[2,1],[3,3],[4,3],[0,1],[4,1]],[[3,4],[1,6]],[[2,8],[4,1],[1,1]],[[3,3],[1,1],[0,2],[4,2],[1,2]],[[4,2],[0,4],[2,1],[0,2],[4,1]],[]] Action:(4, 5, 1) New State:[[[0,1],[2,1],[3,3],[4,3],[0,1],[4,1]],[[3,4],[1,6]],[[2,8],[4,1],[1,1]],[[3,3],[1,1],[0,2],[4,2],[1,2]],[[4,1],[0,4],[2,1],[0,2],[4,1]],[[4,1]]]
State:[[[0,1],[2,1],[3,3],[4,3],[0,1],[4,1]],[[3,4],[1,6]],[[2,8],[4,1],[1,1]],[[3,3],[1,1],[0,2],[4,2],[1,2]],[[4,2],[0,4],[2,1],[0,2],[4,1]],[]] Action:(1, 3, 2) New State:[[[0,1],[2,1],[3,3],[4,3],[0,1],[4,1]],[[3,2],[1,6]],[[2,8],[4,1],[1,1]],[[3,5],[1,1],[0,2],[4,2],[1,2]],[[4,2],[0,4],[2,1],[0,2],[4,1]],[]]
State:[[[0,1],[2,1],[3,3],[4,3],[0,1],[4,1]],[[3,4],[1,6]],[[2,8],[4,1],[1,1]],[[3,3],[1,1],[0,2],[4,2],[1,2]],[[4,2],[0,4],[2,1],[0,2],[4,1]],[]] Action:(1, 5, 3) New State:[[[0,1],[2,1],[3,3],[4,3],[0,1],[4,1]],[[3,1],[1,6]],[[2,8],[4,1],[1,1]],[[3,3],[1,1],[0,2],[4,2],[1,2]],[[4,2],[0,4],[2,1],[0,2],[4,1]],[[3,3]]]
State:[[[0,1],[2,1],[3,3],[4,3],[0,1],[4,1]],[[3,4],[1,6]],[[2,8],[4,1],[1,1]],[[3,3],[1,1],[0,2],[4,2],[1,2]],[[4,2],[0,4],[2,1],[0,2],[4,1]],[]] Action:(1, 3, 1) New State:[[[0,1],[2,1],[3,3],[4,3],[0,1],[4,1]],[[3,3],[1,6]],[[2,8],[4,1],[1,1]],[[3,4],[1,1],[0,2],[4,2],[1,2]],[[4,2],[0,4],[2,1],[0,2],[4,1]],[]]
State:[[[0,1],[2,1],[3,3],[4,3],[0,1],[4,1]],[[3,4],[1,6]],[[2,8],[4,1],[1,1]],[[3,3],[1,1],[0,2],[4,2],[1,2]],[[4,2],[0,4],[2,1],[0,2],[4,1]],[]] Action:(2, 5, 7) New State:[[[0,1],[2,1],[3,3],[4,3],[0,1],[4,1]],[[3,4],[1,6]],[[2,1],[4,1],[1,1]],[[3,3],[1,1],[0,2],[4,2],[1,2]],[[4,2],[0,4],[2,1],[0,2],[4,1]],[[2,7]]]
State:[[[0,1],[2,1],[3,3],[4,3],[0,1],[4,1]],[[3,4],[1,6]],[[2,8],[4,1],[1,1]],[[3,3],[1,1],[0,2],[4,2],[1,2]],[[4,2],[0,4],[2,1],[0,2],[4,1]],[]] Action:(0, 5, 5) New State:[[[4,3],[0,1],[4,1]],[[3,4],[1,6]],[[2,8],[4,1],[1,1]],[[3,3],[1,1],[0,2],[4,2],[1,2]],[[4,2],[0,4],[2,1],[0,2],[4,1]],[[3,3],[2,1],[0,1]]]
State:[[[0,1],[2,1],[3,3],[4,3],[0,1],[4,1]],[[3,4],[1,6]],[[2,8],[4,1],[1,1]],[[3,3],[1,1],[0,2],[4,2],[1,2]],[[4,2],[0,4],[2,1],[0,2],[4,1]],[]] Action:(1, 5, 8) New State:[[[0,1],[2,1],[3,3],[4,3],[0,1],[4,1]],[[1,2]],[[2,8],[4,1],[1,1]],[[3,3],[1,1],[0,2],[4,2],[1,2]],[[4,2],[0,4],[2,1],[0,2],[4,1]],[[1,4],[3,4]]]
State:[[[0,1],[2,1],[3,3],[4,3],[0,1],[4,1]],[[3,4],[1,6]],[[2,8],[4,1],[1,1]],[[3,3],[1,1],[0,2],[4,2],[1,2]],[[4,2],[0,4],[2,1],[0,2],[4,1]],[]] Action:(1, 5, 7) New State:[[[0,1],[2,1],[3,3],[4,3],[0,1],[4,1]],[[1,3]],[[2,8],[4,1],[1,1]],[[3,3],[1,1],[0,2],[4,2],[1,2]],[[4,2],[0,4],[2,1],[0,2],[4,1]],[[1,3],[3,4]]]
State:[[[0,1],[2,1],[3,3],[4,3],[0,1],[4,1]],[[3,4],[1,6]],[[2,8],[4,1],[1,1]],[[3,3],[1,1],[0,2],[4,2],[1,2]],[[4,2],[0,4],[2,1],[0,2],[4,1]],[]] Action:(2, 5, 10) New State:[[[0,1],[2,1],[3,3],[4,3],[0,1],[4,1]],[[3,4],[1,6]],[],[[3,3],[1,1],[0,2],[4,2],[1,2]],[[4,2],[0,4],[2,1],[0,2],[4,1]],[[1,1],[4,1],[2,8]]]
State:[[[2,9],[0,1]],[[0,4],[1,4],[0,1],[1,1]],[[1,3],[2,1],[1,1],[0,3],[1,1],[0,1]],[],[]] Action:(1, 3, 9) New State:[[[2,9],[0,1]],[[1,1]],[[1,3],[2,1],[1,1],[0,3],[1,1],[0,1]],[[0,1],[1,4],[0,4]],[]]
State:[[[2,9],[0,1]],[[0,4],[1,4],[0,1],[1,1]],[[1,3],[2,1],[1,1],[0,3],[1,1],[0,1]],[],[]] Action:(1, 3, 7) New State:[[[2,9],[0,1]],[[1,1],[0,1],[1,1]],[[1,3],[2,1],[1,1],[0,3],[1,1],[0,1]],[[1,3],[0,4]],[]]
State:[[[2,9],[0,1]],[[0,4],[1,4],[0,1],[1,1]],[[1,3],[2,1],[1,1],[0,3],[1,1],[0,1]],[],[]] Action:(2, 3, 1) New State:[[[2,9],[0,1]],[[0,4],[1,4],[0,1],[1,1]],[[1,2],[2,1],[1,1],[0,3],[1,1],[0,1]],[[1,1]],[]]
State:[[[2,9],[0,1]],[[0,4],[1,4],[0,1],[1,1]],[[1,3],[2,1],[1,1],[0,3],[1,1],[0,1]],[],[]] Action:(1, 3, 3) New State:[[[2,9],[0,1]],[[0,1],[1,4],[0,1],[1,1]],[[1,3],[2,1],[1,1],[0,3],[1,1],[0,1]],[[0,3]],[]]
State:[[[2,9],[0,1]],[[0,4],[1,4],[0,1],[1,1]],[[1,3],[2,1],[1,1],[0,3],[1,1],[0,1]],[],[]] Action:(2, 4, 10) New State:[[[2,9],[0,1]],[[0,4],[1,4],[0,1],[1,1]],[],[],[[0,1],[1,1],[0,3],[1,1],[2,1],[1,3]]]
State:[[[2,9],[0,1]],[[0,4],[1,4],[0,1],[1,1]],[[1,3],[2,1],[1,1],[0,3],[1,1],[0,1]],[],[]] Action:(2, 3, 1) New State:[[[2,9],[0,1]],[[0,4],[1,4],[0,1],[1,1]],[[1,2],[2,1],[1,1],[0,3],[1,1],[0,1]],[[1,1]],[]]
State:[[[2,9],[0,1]],[[0,4],[1,4],[0,1],[1,1]],[[1,3],[2,1],[1,1],[0,3],[1,1],[0,1]],[],[]] Action:(1, 4, 1) New State:[[[2,9],[0,1]],[[0,3],[1,4],[0,1],[1,1]],[[1,3],[2,1],[1,1],[0,3],[1,1],[0,1]],[],[[0,1]]]
State:[[[2,9],[0,1]],[[0,4],[1,4],[0,1],[1,1]],[[1,3],[2,1],[1,1],[0,3],[1,1],[0,1]],[],[]] Action:(1, 3, 5) New State:[[[2,9],[0,1]],[[1,3],[0,1],[1,1]],[[1,3],[2,1],[1,1],[0,3],[1,1],[0,1]],[[1,1],[0,4]],[]]
State:[[[2,9],[0,1]],[[0,4],[1,4],[0,1],[1,1]],[[1,3],[2,1],[1,1],[0,3],[1,1],[0,1]],[],[]] Action:(1, 3, 2) New State:[[[2,9],[0,1]],[[0,2],[1,4],[0,1],[1,1]],[[1,3],[2,1],[1,1],[0,3],[1,1],[0,1]],[[0,2]],[]]
State:[[[2,9],[0,1]],[[0,4],[1,4],[0,1],[1,1]],[[1,3],[2,1],[1,1],[0,3],[1,1],[0,1]],[],[]] Action:(0, 3, 3) New State:[[[2,6],[0,1]],[[0,4],[1,4],[0,1],[1,1]],[[1,3],[2,1],[1,1],[0,3],[1,1],[0,1]],[[2,3]],[]]
State:[[[2,9],[0,1]],[[0,4],[1,4],[0,1],[1,1]],[[1,3],[2,1],[1,1],[0,3],[1,1],[0,1]],[],[]] Action:(2, 4, 7) New State:[[[2,9],[0,1]],[[0,4],[1,4],[0,1],[1,1]],[[0,1],[1,1],[0,1]],[],[[0,2],[1,1],[2,1],[1,3]]]
State:[[[2,9],[0,1]],[[0,4],[1,4],[0,1],[1,1]],[[1,3],[2,1],[1,1],[0,3],[1,1],[0,1]],[],[]] Action:(1, 3, 3) New State:[[[2,9],[0,1]],[[0,1],[1,4],[0,1],[1,1]],[[1,3],[2,1],[1,1],[0,3],[1,1],[0,1]],[[0,3]],[]]
State:[[[2,9],[0,1]],[[0,4],[1,4],[0,1],[1,1]],[[1,3],[2,1],[1,1],[0,3],[1,1],[0,1]],[],[]] Action:(2, 3, 9) New State:[[[2,9],[0,1]],[[0,4],[1,4],[0,1],[1,1]],[[0,1]],[[1,1],[0,3],[1,1],[2,1],[1,3]],[]]
State:[[[2,9],[0,1]],[[0,4],[1,4],[0,1],[1,1]],[[1,3],[2,1],[1,1],[0,3],[1,1],[0,1]],[],[]] Action:(2, 4, 3) New State:[[[2,9],[0,1]],[[0,4],[1,4],[0,1],[1,1]],[[2,1],[1,1],[0,3],[1,1],[0,1]],[],[[1,3]]]
State:[[[2,9],[0,1]],[[0,4],[1,4],[0,1],[1,1]],[[1,3],[2,1],[1,1],[0,3],[1,1],[0,1]],[],[]] Action:(2, 4, 3) New State:[[[2,9],[0,1]],[[0,4],[1,4],[0,1],[1,1]],[[2,1],[1,1],[0,3],[1,1],[0,1]],[],[[1,3]]]
State:[[[2,9],[0,1]],[[0,4],[1,4],[0,1],[1,1]],[[1,3],[2,1],[1,1],[0,3],[1,1],[0,1]],[],[]] Action:(2, 4, 9) New State:[[[2,9],[0,1]],[[0,4],[1,4],[0,1],[1,1]],[[0,1]],[],[[1,1],[0,3],[1,1],[2,1],[1,3]]]
State:[[[2,9],[0,1]],[[0,4],[1,4],[0,1],[1,1]],[[1,3],[2,1],[1,1],[0,3],[1,1],[0,1]],[],[]] Action:(2, 3, 3) New State:[[[2,9],[0,1]],[[0,4],[1,4],[0,1],[1,1]],[[2,1],[1,1],[0,3],[1,1],[0,1]],[[1,3]],[]]
State:[[[2,9],[0,1]],[[0,4],[1,4],[0,1],[1,1]],[[1,3],[2,1],[1,1],[0,3],[1,1],[0,1]],[],[]] Action:(1, 4, 3) New State:[[[2,9],[0,1]],[[0,1],[1,4],[0,1],[1,1]],[[1,3],[2,1],[1,1],[0,3],[1,1],[0,1]],[],[[0,3]]]
State:[[[3,1],[2,4],[0,1],[2,3],[1,1]],[[3,1],[0,7],[1,2]],[[1,1],[2,2],[1,4],[0,1],[1,2]],[[2,1],[4,9]],[[4,1],[3,8],[0,1]]] Action:(1, 0, 3) New State:[[[0,2],[3,2],[2,4],[0,1],[2,3],[1,1]],[[0,5],[1,2]],[[1,1],[2,2],[1,4],[0,1],[1,2]],[[2,1],[4,9]],[[4,1],[3,8],[0,1]]]
